form_id,feat_33,feat_19,feat_06,feat_34,feat_38,feat_36,feat_40,feat_07,feat_30,feat_27
4125695,0.0,0.0,0.0,0.0,0.0,0.0,0.0,2.0,0.0,0.0
3622625,0.0,0.0,0.0,0.0,0.0,0.0,0.0,1.0,0.0,0.0
4495082,1.0,0.0,1.0,1.0,0.0,0.0,0.0,3.0,0.0,0.0
13335934,0.0,0.0,0.0,0.0,0.0,0.0,0.0,1.0,1.0,0.0
10874858,3.0,3.0,0.0,0.0,3.0,3.0,3.0,1.0,1.0,0.0
13010064,0.0,0.0,0.0,0.0,0.0,0.0,0.0,1.0,1.0,0.0
10929800,0.0,0.0,0.0,0.0,0.0,0.0,0.0,0.0,0.0,0.0
11949660,0.0,0.0,0.0,0.0,0.0,0.0,0.0,1.0,1.0,0.0
11137171,1.0,1.0,0.0,0.0,1.0,1.0,0.0,1.0,0.0,0.0
13171548,0.0,0.0,0.0,0.0,0.0,0.0,0.0,0.0,0.0,0.0
11769965,0.0,0.0,0.0,0.0,0.0,0.0,0.0,0.0,0.0,0.0
11261851,2.0,2.0,0.0,0.0,0.0,0.0,2.0,0.0,0.0,0.0
4206749,0.0,0.0,0.0,0.0,0.0,0.0,0.0,1.0,0.0,0.0
10698108,0.0,0.0,0.0,0.0,0.0,0.0,0.0,1.0,0.0,0.0
3708779,0.0,0.0,0.0,0.0,0.0,0.0,0.0,0.0,0.0,0.0
10064641,0.0,0.0,0.0,0.0,0.0,0.0,0.0,3.0,0.0,0.0
3776488,0.0,0.0,0.0,0.0,0.0,0.0,0.0,0.0,0.0,0.0
12185751,0.0,0.0,0.0,0.0,0.0,0.0,0.0,1.0,1.0,0.0
6006808,2.0,2.0,0.0,0.0,0.0,0.0,2.0,0.0,0.0,0.0
13176687,0.0,0.0,0.0,0.0,0.0,0.0,0.0,0.0,0.0,0.0
10380165,0.0,0.0,0.0,0.0,0.0,0.0,0.0,1.0,1.0,0.0
8024199,0.0,0.0,0.0,0.0,0.0,0.0,0.0,0.0,0.0,0.0
10737349,0.0,0.0,0.0,0.0,0.0,0.0,0.0,2.0,2.0,0.0
3731433,0.0,0.0,0.0,0.0,0.0,0.0,0.0,0.0,0.0,0.0
12458603,0.0,0.0,0.0,0.0,0.0,0.0,0.0,1.0,1.0,0.0
10996177,0.0,0.0,0.0,0.0,0.0,0.0,0.0,3.0,0.0,0.0
2179302,0.0,0.0,0.0,0.0,0.0,0.0,0.0,0.0,0.0,0.0
7389887,0.0,0.0,0.0,0.0,0.0,0.0,0.0,5.0,1.0,2.0
9653670,1.0,1.0,0.0,0.0,1.0,1.0,1.0,0.0,0.0,0.0
10628889,1.0,0.0,1.0,1.0,0.0,0.0,0.0,0.0,0.0,0.0
11627694,2.0,2.0,0.0,0.0,2.0,2.0,2.0,2.0,2.0,0.0
11537374,0.0,0.0,0.0,0.0,0.0,0.0,0.0,0.0,0.0,0.0
3123572,0.0,0.0,0.0,0.0,0.0,0.0,0.0,1.0,0.0,0.0
1955932,0.0,0.0,0.0,0.0,0.0,0.0,0.0,1.0,0.0,0.0
9702246,0.0,0.0,0.0,0.0,0.0,0.0,0.0,0.0,0.0,0.0
11506990,1.0,1.0,0.0,0.0,1.0,1.0,1.0,0.0,0.0,0.0
11253530,0.0,0.0,0.0,0.0,0.0,0.0,0.0,0.0,0.0,0.0
11474567,0.0,0.0,0.0,0.0,0.0,0.0,0.0,0.0,0.0,0.0
1546244,0.0,0.0,0.0,0.0,0.0,0.0,0.0,2.0,2.0,0.0
13201682,0.0,0.0,0.0,0.0,0.0,0.0,0.0,0.0,0.0,0.0
3424286,1.0,0.0,1.0,1.0,0.0,0.0,0.0,1.0,0.0,0.0
10297128,0.0,0.0,0.0,0.0,0.0,0.0,0.0,0.0,0.0,0.0
1542168,3.0,2.0,1.0,1.0,2.0,2.0,0.0,0.0,0.0,0.0
4481267,1.0,1.0,0.0,0.0,1.0,0.0,0.0,2.0,0.0,0.0
2913256,4.0,0.0,0.0,0.0,0.0,0.0,0.0,8.0,5.0,0.0
7392539,0.0,0.0,0.0,0.0,0.0,0.0,0.0,0.0,0.0,0.0
10129166,0.0,0.0,0.0,0.0,0.0,0.0,0.0,2.0,1.0,0.0
9831385,2.0,2.0,0.0,0.0,2.0,2.0,2.0,0.0,0.0,0.0
13005996,0.0,0.0,0.0,0.0,0.0,0.0,0.0,0.0,0.0,0.0
11453910,1.0,1.0,0.0,0.0,0.0,0.0,0.0,0.0,0.0,0.0
10681230,0.0,0.0,0.0,0.0,0.0,0.0,0.0,0.0,0.0,0.0
13107801,0.0,0.0,0.0,0.0,0.0,0.0,0.0,0.0,0.0,0.0
11249148,0.0,0.0,0.0,0.0,0.0,0.0,0.0,0.0,0.0,0.0
11716409,4.0,0.0,4.0,4.0,0.0,0.0,0.0,0.0,0.0,0.0
2195759,0.0,0.0,0.0,0.0,0.0,0.0,0.0,0.0,0.0,0.0
9927097,0.0,0.0,0.0,0.0,0.0,0.0,0.0,1.0,0.0,0.0
3942092,4.0,0.0,4.0,4.0,0.0,0.0,0.0,0.0,0.0,0.0
10275133,0.0,0.0,0.0,0.0,0.0,0.0,0.0,2.0,1.0,0.0
10289434,0.0,0.0,0.0,0.0,0.0,0.0,0.0,1.0,1.0,0.0
10979980,1.0,0.0,1.0,1.0,0.0,0.0,0.0,0.0,0.0,0.0
11206336,0.0,0.0,0.0,0.0,0.0,0.0,0.0,0.0,0.0,0.0
2051184,0.0,0.0,0.0,0.0,0.0,0.0,0.0,4.0,1.0,0.0
10734246,0.0,0.0,0.0,0.0,0.0,0.0,0.0,0.0,0.0,0.0
10555805,8.0,0.0,8.0,8.0,0.0,0.0,0.0,0.0,0.0,0.0
10503144,0.0,0.0,0.0,0.0,0.0,0.0,0.0,0.0,0.0,0.0
5316765,0.0,0.0,0.0,0.0,0.0,0.0,0.0,0.0,0.0,0.0
12472341,0.0,0.0,0.0,0.0,0.0,0.0,0.0,0.0,0.0,0.0
13173806,4.0,4.0,0.0,0.0,0.0,0.0,0.0,1.0,1.0,0.0
4499640,0.0,0.0,0.0,0.0,0.0,0.0,0.0,0.0,0.0,0.0
13221032,1.0,0.0,1.0,1.0,0.0,0.0,0.0,0.0,0.0,0.0
11528668,0.0,0.0,0.0,0.0,0.0,0.0,0.0,0.0,0.0,0.0
12624516,0.0,0.0,0.0,0.0,0.0,0.0,0.0,0.0,0.0,0.0
11616627,3.0,0.0,3.0,3.0,0.0,0.0,0.0,0.0,0.0,0.0
11281435,0.0,0.0,0.0,0.0,0.0,0.0,0.0,1.0,1.0,0.0
10212435,2.0,2.0,0.0,0.0,2.0,2.0,2.0,0.0,0.0,0.0
12589365,1.0,1.0,0.0,0.0,0.0,0.0,0.0,0.0,0.0,0.0
10495601,0.0,0.0,0.0,0.0,0.0,0.0,0.0,0.0,0.0,0.0
12891020,1.0,1.0,0.0,0.0,1.0,1.0,0.0,0.0,0.0,0.0
11582637,0.0,0.0,0.0,0.0,0.0,0.0,0.0,0.0,0.0,0.0
3713342,3.0,3.0,0.0,0.0,3.0,3.0,3.0,3.0,3.0,0.0
4748274,0.0,0.0,0.0,0.0,0.0,0.0,0.0,3.0,3.0,0.0
12358587,0.0,0.0,0.0,0.0,0.0,0.0,0.0,2.0,2.0,2.0
3822046,0.0,0.0,0.0,0.0,0.0,0.0,0.0,1.0,1.0,0.0
3522603,0.0,0.0,0.0,0.0,0.0,0.0,0.0,0.0,0.0,0.0
12416737,0.0,0.0,0.0,0.0,0.0,0.0,0.0,1.0,1.0,0.0
4608544,0.0,0.0,0.0,0.0,0.0,0.0,0.0,1.0,0.0,0.0
12006110,0.0,0.0,0.0,0.0,0.0,0.0,0.0,0.0,0.0,0.0
10008823,0.0,0.0,0.0,0.0,0.0,0.0,0.0,0.0,0.0,0.0
3349409,0.0,0.0,0.0,0.0,0.0,0.0,0.0,1.0,0.0,0.0
9869265,0.0,0.0,0.0,0.0,0.0,0.0,0.0,2.0,2.0,0.0
6109540,1.0,1.0,0.0,0.0,0.0,0.0,0.0,1.0,0.0,0.0
4430005,0.0,0.0,0.0,0.0,0.0,0.0,0.0,0.0,0.0,0.0
9736125,0.0,0.0,0.0,0.0,0.0,0.0,0.0,2.0,2.0,0.0
12163226,0.0,0.0,0.0,0.0,0.0,0.0,0.0,1.0,1.0,0.0
3783618,0.0,0.0,0.0,0.0,0.0,0.0,0.0,0.0,0.0,0.0
11748018,0.0,0.0,0.0,0.0,0.0,0.0,0.0,1.0,1.0,0.0
12526269,0.0,0.0,0.0,0.0,0.0,0.0,0.0,1.0,1.0,0.0
11363076,0.0,0.0,0.0,0.0,0.0,0.0,0.0,2.0,2.0,2.0
11692330,2.0,1.0,1.0,1.0,1.0,1.0,0.0,1.0,1.0,0.0
12425862,0.0,0.0,0.0,0.0,0.0,0.0,0.0,1.0,1.0,0.0
1203167,0.0,0.0,0.0,0.0,0.0,0.0,0.0,0.0,0.0,0.0
11302317,0.0,0.0,0.0,0.0,0.0,0.0,0.0,0.0,0.0,0.0
11443743,0.0,0.0,0.0,0.0,0.0,0.0,0.0,2.0,2.0,0.0
9826390,0.0,0.0,0.0,0.0,0.0,0.0,0.0,0.0,0.0,0.0
11207562,0.0,0.0,0.0,0.0,0.0,0.0,0.0,0.0,0.0,0.0
4483665,0.0,0.0,0.0,0.0,0.0,0.0,0.0,0.0,0.0,0.0
1152676,0.0,0.0,0.0,0.0,0.0,0.0,0.0,0.0,0.0,0.0
10715683,5.0,5.0,0.0,0.0,0.0,0.0,5.0,0.0,0.0,0.0
4506046,0.0,0.0,0.0,0.0,0.0,0.0,0.0,0.0,0.0,0.0
11801221,0.0,0.0,0.0,0.0,0.0,0.0,0.0,1.0,1.0,0.0
3434055,1.0,0.0,1.0,1.0,0.0,0.0,0.0,1.0,0.0,0.0
10023248,1.0,0.0,1.0,1.0,0.0,0.0,0.0,0.0,0.0,0.0
10943784,0.0,0.0,0.0,0.0,0.0,0.0,0.0,1.0,1.0,0.0
3109716,0.0,0.0,0.0,0.0,0.0,0.0,0.0,0.0,0.0,0.0
12542970,0.0,0.0,0.0,0.0,0.0,0.0,0.0,0.0,0.0,0.0
8970525,3.0,3.0,0.0,0.0,3.0,3.0,3.0,0.0,0.0,0.0
3867153,0.0,0.0,0.0,0.0,0.0,0.0,0.0,0.0,0.0,0.0
3769106,0.0,0.0,0.0,0.0,0.0,0.0,0.0,0.0,0.0,0.0
6096262,0.0,0.0,0.0,0.0,0.0,0.0,0.0,0.0,0.0,0.0
2377424,0.0,0.0,0.0,0.0,0.0,0.0,0.0,0.0,0.0,0.0
11233325,0.0,0.0,0.0,0.0,0.0,0.0,0.0,0.0,0.0,0.0
10313217,2.0,2.0,0.0,0.0,2.0,2.0,2.0,0.0,0.0,0.0
13009371,1.0,1.0,0.0,0.0,1.0,1.0,0.0,0.0,0.0,0.0
3042652,0.0,0.0,0.0,0.0,0.0,0.0,0.0,0.0,0.0,0.0
11113399,0.0,0.0,0.0,0.0,0.0,0.0,0.0,0.0,0.0,0.0
11564075,1.0,1.0,0.0,0.0,1.0,1.0,1.0,2.0,2.0,0.0
11185024,0.0,0.0,0.0,0.0,0.0,0.0,0.0,1.0,1.0,0.0
2839207,0.0,0.0,0.0,0.0,0.0,0.0,0.0,0.0,0.0,0.0
2747655,0.0,0.0,0.0,0.0,0.0,0.0,0.0,0.0,0.0,0.0
13284220,1.0,0.0,1.0,1.0,0.0,0.0,0.0,0.0,0.0,0.0
4405033,0.0,0.0,0.0,0.0,0.0,0.0,0.0,0.0,0.0,0.0
11708659,0.0,0.0,0.0,0.0,0.0,0.0,0.0,1.0,0.0,0.0
13312967,1.0,0.0,1.0,1.0,0.0,0.0,0.0,2.0,2.0,0.0
3821785,0.0,0.0,0.0,0.0,0.0,0.0,0.0,0.0,0.0,0.0
12646728,3.0,1.0,2.0,2.0,0.0,0.0,0.0,0.0,0.0,0.0
3086939,0.0,0.0,0.0,0.0,0.0,0.0,0.0,0.0,0.0,0.0
12269003,0.0,0.0,0.0,0.0,0.0,0.0,0.0,0.0,0.0,0.0
4044691,0.0,0.0,0.0,0.0,0.0,0.0,0.0,0.0,0.0,0.0
3938068,0.0,0.0,0.0,0.0,0.0,0.0,0.0,0.0,0.0,0.0
3245062,0.0,0.0,0.0,0.0,0.0,0.0,0.0,0.0,0.0,0.0
10224581,0.0,0.0,0.0,0.0,0.0,0.0,0.0,0.0,0.0,0.0
3112501,0.0,0.0,0.0,0.0,0.0,0.0,0.0,9.0,9.0,0.0
1337260,0.0,0.0,0.0,0.0,0.0,0.0,0.0,0.0,0.0,0.0
10536655,0.0,0.0,0.0,0.0,0.0,0.0,0.0,3.0,3.0,0.0
1246651,0.0,0.0,0.0,0.0,0.0,0.0,0.0,1.0,0.0,1.0
11150312,0.0,0.0,0.0,0.0,0.0,0.0,0.0,0.0,0.0,0.0
3224718,0.0,0.0,0.0,0.0,0.0,0.0,0.0,0.0,0.0,0.0
10226965,0.0,0.0,0.0,0.0,0.0,0.0,0.0,1.0,1.0,0.0
1791979,0.0,0.0,0.0,0.0,0.0,0.0,0.0,2.0,0.0,1.0
11792856,0.0,0.0,0.0,0.0,0.0,0.0,0.0,1.0,1.0,0.0
10419105,0.0,0.0,0.0,0.0,0.0,0.0,0.0,1.0,1.0,0.0
3742987,0.0,0.0,0.0,0.0,0.0,0.0,0.0,0.0,0.0,0.0
11532518,0.0,0.0,0.0,0.0,0.0,0.0,0.0,0.0,0.0,0.0
11138006,2.0,2.0,0.0,0.0,2.0,2.0,2.0,1.0,1.0,0.0
7985401,0.0,0.0,0.0,0.0,0.0,0.0,0.0,0.0,0.0,0.0
3284647,0.0,0.0,0.0,0.0,0.0,0.0,0.0,0.0,0.0,0.0
13092328,2.0,2.0,0.0,0.0,0.0,0.0,2.0,0.0,0.0,0.0
11758173,1.0,0.0,1.0,1.0,0.0,0.0,0.0,0.0,0.0,0.0
12014347,1.0,1.0,0.0,0.0,0.0,0.0,1.0,0.0,0.0,0.0
13064497,0.0,0.0,0.0,0.0,0.0,0.0,0.0,0.0,0.0,0.0
2183521,0.0,0.0,0.0,0.0,0.0,0.0,0.0,0.0,0.0,0.0
4147721,0.0,0.0,0.0,0.0,0.0,0.0,0.0,1.0,0.0,0.0
2556581,0.0,0.0,0.0,0.0,0.0,0.0,0.0,7.0,7.0,0.0
5495227,0.0,0.0,0.0,0.0,0.0,0.0,0.0,0.0,0.0,0.0
12024898,0.0,0.0,0.0,0.0,0.0,0.0,0.0,1.0,1.0,0.0
3300664,0.0,0.0,0.0,0.0,0.0,0.0,0.0,2.0,0.0,0.0
5728755,0.0,0.0,0.0,0.0,0.0,0.0,0.0,1.0,1.0,0.0
3388523,0.0,0.0,0.0,0.0,0.0,0.0,0.0,2.0,0.0,0.0
11072655,0.0,0.0,0.0,0.0,0.0,0.0,0.0,1.0,1.0,0.0
11723638,2.0,0.0,2.0,2.0,0.0,0.0,0.0,0.0,0.0,0.0
1485992,5.0,0.0,5.0,5.0,0.0,0.0,0.0,2.0,0.0,0.0
10479627,0.0,0.0,0.0,0.0,0.0,0.0,0.0,0.0,0.0,0.0
10829528,0.0,0.0,0.0,0.0,0.0,0.0,0.0,1.0,1.0,1.0
9840921,0.0,0.0,0.0,0.0,0.0,0.0,0.0,7.0,0.0,0.0
9456738,0.0,0.0,0.0,0.0,0.0,0.0,0.0,2.0,2.0,0.0
11627335,1.0,0.0,0.0,0.0,0.0,0.0,0.0,0.0,0.0,0.0
4928676,0.0,0.0,0.0,0.0,0.0,0.0,0.0,0.0,0.0,0.0
6738287,2.0,0.0,2.0,2.0,0.0,0.0,0.0,0.0,0.0,0.0
3899512,0.0,0.0,0.0,0.0,0.0,0.0,0.0,1.0,1.0,0.0
9323996,0.0,0.0,0.0,0.0,0.0,0.0,0.0,0.0,0.0,0.0
1566597,0.0,0.0,0.0,0.0,0.0,0.0,0.0,2.0,1.0,1.0
10113511,2.0,2.0,0.0,0.0,2.0,2.0,0.0,0.0,0.0,0.0
10661704,3.0,3.0,0.0,0.0,0.0,0.0,3.0,0.0,0.0,0.0
12817765,0.0,0.0,0.0,0.0,0.0,0.0,0.0,0.0,0.0,0.0
3714750,0.0,0.0,0.0,0.0,0.0,0.0,0.0,0.0,0.0,0.0
10689373,0.0,0.0,0.0,0.0,0.0,0.0,0.0,0.0,0.0,0.0
11132605,1.0,1.0,0.0,0.0,1.0,1.0,0.0,1.0,1.0,1.0
3130905,0.0,0.0,0.0,0.0,0.0,0.0,0.0,2.0,0.0,0.0
10898092,0.0,0.0,0.0,0.0,0.0,0.0,0.0,0.0,0.0,0.0
11780362,2.0,2.0,0.0,0.0,2.0,2.0,2.0,0.0,0.0,0.0
11210421,0.0,0.0,0.0,0.0,0.0,0.0,0.0,0.0,0.0,0.0
10718887,1.0,1.0,0.0,0.0,1.0,1.0,1.0,1.0,0.0,0.0
2376750,0.0,0.0,0.0,0.0,0.0,0.0,0.0,0.0,0.0,0.0
12500983,0.0,0.0,0.0,0.0,0.0,0.0,0.0,0.0,0.0,0.0
2487661,0.0,0.0,0.0,0.0,0.0,0.0,0.0,0.0,0.0,0.0
11755946,1.0,1.0,0.0,0.0,1.0,1.0,0.0,0.0,0.0,0.0
10586413,1.0,0.0,1.0,1.0,0.0,0.0,0.0,0.0,0.0,0.0
12419632,1.0,0.0,0.0,0.0,0.0,0.0,0.0,0.0,0.0,0.0
4381311,0.0,0.0,0.0,0.0,0.0,0.0,0.0,0.0,0.0,0.0
10033346,0.0,0.0,0.0,0.0,0.0,0.0,0.0,2.0,2.0,0.0
4332271,0.0,0.0,0.0,0.0,0.0,0.0,0.0,0.0,0.0,0.0
11840265,6.0,0.0,6.0,6.0,0.0,0.0,0.0,0.0,0.0,0.0
11613922,0.0,0.0,0.0,0.0,0.0,0.0,0.0,0.0,0.0,0.0
11092682,0.0,0.0,0.0,0.0,0.0,0.0,0.0,0.0,0.0,0.0
10550811,0.0,0.0,0.0,0.0,0.0,0.0,0.0,0.0,0.0,0.0
10319705,0.0,0.0,0.0,0.0,0.0,0.0,0.0,0.0,0.0,0.0
13137902,0.0,0.0,0.0,0.0,0.0,0.0,0.0,0.0,0.0,0.0
12522441,1.0,1.0,0.0,0.0,0.0,0.0,0.0,0.0,0.0,0.0
3181731,0.0,0.0,0.0,0.0,0.0,0.0,0.0,0.0,0.0,0.0
2382490,6.0,0.0,6.0,6.0,0.0,0.0,0.0,0.0,0.0,0.0
4025398,0.0,0.0,0.0,0.0,0.0,0.0,0.0,0.0,0.0,0.0
10391083,2.0,0.0,2.0,2.0,0.0,0.0,0.0,0.0,0.0,0.0
11761057,0.0,0.0,0.0,0.0,0.0,0.0,0.0,0.0,0.0,0.0
10823759,1.0,1.0,0.0,0.0,1.0,1.0,1.0,0.0,0.0,0.0
1401378,0.0,0.0,0.0,0.0,0.0,0.0,0.0,0.0,0.0,0.0
11439125,0.0,0.0,0.0,0.0,0.0,0.0,0.0,1.0,1.0,0.0
4444210,0.0,0.0,0.0,0.0,0.0,0.0,0.0,2.0,2.0,0.0
11823401,0.0,0.0,0.0,0.0,0.0,0.0,0.0,0.0,0.0,0.0
1562570,0.0,0.0,0.0,0.0,0.0,0.0,0.0,0.0,0.0,0.0
12092936,0.0,0.0,0.0,0.0,0.0,0.0,0.0,0.0,0.0,0.0
10312015,0.0,0.0,0.0,0.0,0.0,0.0,0.0,2.0,2.0,0.0
10069693,1.0,0.0,1.0,1.0,0.0,0.0,0.0,2.0,2.0,2.0
5071532,3.0,3.0,0.0,0.0,3.0,3.0,3.0,3.0,0.0,0.0
11264537,0.0,0.0,0.0,0.0,0.0,0.0,0.0,3.0,3.0,0.0
12070406,0.0,0.0,0.0,0.0,0.0,0.0,0.0,0.0,0.0,0.0
11805119,0.0,0.0,0.0,0.0,0.0,0.0,0.0,0.0,0.0,0.0
1274093,0.0,0.0,0.0,0.0,0.0,0.0,0.0,0.0,0.0,0.0
2924493,0.0,0.0,0.0,0.0,0.0,0.0,0.0,0.0,0.0,0.0
4238910,0.0,0.0,0.0,0.0,0.0,0.0,0.0,0.0,0.0,0.0
3025208,0.0,0.0,0.0,0.0,0.0,0.0,0.0,0.0,0.0,0.0
4333102,0.0,0.0,0.0,0.0,0.0,0.0,0.0,1.0,0.0,0.0
5789485,0.0,0.0,0.0,0.0,0.0,0.0,0.0,2.0,2.0,0.0
2908582,0.0,0.0,0.0,0.0,0.0,0.0,0.0,0.0,0.0,0.0
10333281,6.0,0.0,6.0,6.0,0.0,0.0,0.0,0.0,0.0,0.0
4048480,0.0,0.0,0.0,0.0,0.0,0.0,0.0,0.0,0.0,0.0
12502301,0.0,0.0,0.0,0.0,0.0,0.0,0.0,1.0,1.0,0.0
1790601,0.0,0.0,0.0,0.0,0.0,0.0,0.0,0.0,0.0,0.0
10532148,0.0,0.0,0.0,0.0,0.0,0.0,0.0,1.0,1.0,0.0
2861800,8.0,0.0,8.0,8.0,0.0,0.0,0.0,1.0,1.0,0.0
2880659,0.0,0.0,0.0,0.0,0.0,0.0,0.0,0.0,0.0,0.0
4309897,0.0,0.0,0.0,0.0,0.0,0.0,0.0,0.0,0.0,0.0
12918983,0.0,0.0,0.0,0.0,0.0,0.0,0.0,0.0,0.0,0.0
4520241,0.0,0.0,0.0,0.0,0.0,0.0,0.0,0.0,0.0,0.0
3172406,2.0,1.0,1.0,1.0,0.0,0.0,1.0,1.0,0.0,0.0
4568407,0.0,0.0,0.0,0.0,0.0,0.0,0.0,7.0,7.0,7.0
3508893,0.0,0.0,0.0,0.0,0.0,0.0,0.0,0.0,0.0,0.0
2063702,0.0,0.0,0.0,0.0,0.0,0.0,0.0,0.0,0.0,0.0
2450289,4.0,4.0,0.0,0.0,4.0,4.0,0.0,1.0,0.0,0.0
3641510,0.0,0.0,0.0,0.0,0.0,0.0,0.0,2.0,2.0,0.0
11128670,0.0,0.0,0.0,0.0,0.0,0.0,0.0,0.0,0.0,0.0
3771400,0.0,0.0,0.0,0.0,0.0,0.0,0.0,0.0,0.0,0.0
11566228,0.0,0.0,0.0,0.0,0.0,0.0,0.0,0.0,0.0,0.0
9783149,0.0,0.0,0.0,0.0,0.0,0.0,0.0,0.0,0.0,0.0
12226377,0.0,0.0,0.0,0.0,0.0,0.0,0.0,0.0,0.0,0.0
3434318,0.0,0.0,0.0,0.0,0.0,0.0,0.0,2.0,2.0,0.0
5324395,2.0,2.0,0.0,0.0,2.0,2.0,2.0,0.0,0.0,0.0
12283090,0.0,0.0,0.0,0.0,0.0,0.0,0.0,3.0,0.0,0.0
3930424,0.0,0.0,0.0,0.0,0.0,0.0,0.0,1.0,0.0,0.0
10840125,1.0,1.0,0.0,0.0,0.0,0.0,0.0,0.0,0.0,0.0
9890287,0.0,0.0,0.0,0.0,0.0,0.0,0.0,0.0,0.0,0.0
12260859,0.0,0.0,0.0,0.0,0.0,0.0,0.0,0.0,0.0,0.0
12516079,0.0,0.0,0.0,0.0,0.0,0.0,0.0,0.0,0.0,0.0
12655778,0.0,0.0,0.0,0.0,0.0,0.0,0.0,0.0,0.0,0.0
10432035,0.0,0.0,0.0,0.0,0.0,0.0,0.0,1.0,1.0,0.0
13152863,0.0,0.0,0.0,0.0,0.0,0.0,0.0,0.0,0.0,0.0
13026594,7.0,7.0,0.0,0.0,7.0,7.0,0.0,0.0,0.0,0.0
12433605,0.0,0.0,0.0,0.0,0.0,0.0,0.0,0.0,0.0,0.0
12646461,0.0,0.0,0.0,0.0,0.0,0.0,0.0,3.0,3.0,0.0
10053726,1.0,1.0,0.0,0.0,0.0,0.0,1.0,0.0,0.0,0.0
11511850,0.0,0.0,0.0,0.0,0.0,0.0,0.0,2.0,2.0,0.0
11755714,1.0,0.0,0.0,0.0,0.0,0.0,0.0,0.0,0.0,0.0
4269998,0.0,0.0,0.0,0.0,0.0,0.0,0.0,3.0,3.0,0.0
12958881,2.0,0.0,2.0,2.0,0.0,0.0,0.0,7.0,5.0,1.0
3258737,0.0,0.0,0.0,0.0,0.0,0.0,0.0,0.0,0.0,0.0
11936865,1.0,0.0,1.0,1.0,0.0,0.0,0.0,0.0,0.0,0.0
13045481,0.0,0.0,0.0,0.0,0.0,0.0,0.0,0.0,0.0,0.0
2917728,0.0,0.0,0.0,0.0,0.0,0.0,0.0,1.0,0.0,0.0
6605342,0.0,0.0,0.0,0.0,0.0,0.0,0.0,0.0,0.0,0.0
12814534,0.0,0.0,0.0,0.0,0.0,0.0,0.0,0.0,0.0,0.0
10200174,1.0,1.0,0.0,0.0,1.0,1.0,0.0,1.0,1.0,0.0
11009184,0.0,0.0,0.0,0.0,0.0,0.0,0.0,1.0,1.0,1.0
3574623,0.0,0.0,0.0,0.0,0.0,0.0,0.0,1.0,0.0,1.0
10754548,0.0,0.0,0.0,0.0,0.0,0.0,0.0,0.0,0.0,0.0
12040793,2.0,2.0,0.0,0.0,2.0,2.0,0.0,0.0,0.0,0.0
3135764,0.0,0.0,0.0,0.0,0.0,0.0,0.0,1.0,0.0,1.0
12447162,0.0,0.0,0.0,0.0,0.0,0.0,0.0,0.0,0.0,0.0
5455787,0.0,0.0,0.0,0.0,0.0,0.0,0.0,0.0,0.0,0.0
10700418,0.0,0.0,0.0,0.0,0.0,0.0,0.0,0.0,0.0,0.0
11292856,0.0,0.0,0.0,0.0,0.0,0.0,0.0,0.0,0.0,0.0
10838614,0.0,0.0,0.0,0.0,0.0,0.0,0.0,0.0,0.0,0.0
12050319,0.0,0.0,0.0,0.0,0.0,0.0,0.0,0.0,0.0,0.0
13282561,0.0,0.0,0.0,0.0,0.0,0.0,0.0,0.0,0.0,0.0
3462959,3.0,3.0,0.0,0.0,3.0,3.0,0.0,0.0,0.0,0.0
7173037,0.0,0.0,0.0,0.0,0.0,0.0,0.0,0.0,0.0,0.0
7115250,0.0,0.0,0.0,0.0,0.0,0.0,0.0,0.0,0.0,0.0
13201378,0.0,0.0,0.0,0.0,0.0,0.0,0.0,0.0,0.0,0.0
12022943,0.0,0.0,0.0,0.0,0.0,0.0,0.0,1.0,1.0,0.0
4388251,0.0,0.0,0.0,0.0,0.0,0.0,0.0,0.0,0.0,0.0
9566120,0.0,0.0,0.0,0.0,0.0,0.0,0.0,0.0,0.0,0.0
10192041,0.0,0.0,0.0,0.0,0.0,0.0,0.0,0.0,0.0,0.0
11635525,4.0,1.0,3.0,3.0,1.0,1.0,1.0,2.0,2.0,0.0
11305746,0.0,0.0,0.0,0.0,0.0,0.0,0.0,3.0,3.0,2.0
11532851,0.0,0.0,0.0,0.0,0.0,0.0,0.0,14.0,14.0,11.0
10295547,1.0,1.0,0.0,0.0,1.0,1.0,0.0,1.0,1.0,0.0
3372633,0.0,0.0,0.0,0.0,0.0,0.0,0.0,1.0,0.0,0.0
4639630,0.0,0.0,0.0,0.0,0.0,0.0,0.0,1.0,0.0,0.0
12730199,1.0,0.0,0.0,0.0,0.0,0.0,0.0,1.0,1.0,0.0
10293427,0.0,0.0,0.0,0.0,0.0,0.0,0.0,2.0,2.0,0.0
11256345,0.0,0.0,0.0,0.0,0.0,0.0,0.0,0.0,0.0,0.0
4043699,0.0,0.0,0.0,0.0,0.0,0.0,0.0,1.0,0.0,0.0
11142241,0.0,0.0,0.0,0.0,0.0,0.0,0.0,1.0,1.0,0.0
3196180,1.0,1.0,0.0,0.0,0.0,0.0,0.0,1.0,1.0,1.0
3587870,0.0,0.0,0.0,0.0,0.0,0.0,0.0,0.0,0.0,0.0
11699845,1.0,1.0,0.0,0.0,0.0,0.0,1.0,0.0,0.0,0.0
11494290,0.0,0.0,0.0,0.0,0.0,0.0,0.0,1.0,1.0,0.0
2508439,0.0,0.0,0.0,0.0,0.0,0.0,0.0,0.0,0.0,0.0
12027499,0.0,0.0,0.0,0.0,0.0,0.0,0.0,1.0,1.0,0.0
10387942,20.0,20.0,0.0,0.0,20.0,20.0,20.0,0.0,0.0,0.0
3961897,0.0,0.0,0.0,0.0,0.0,0.0,0.0,3.0,3.0,0.0
6112604,1.0,1.0,0.0,0.0,1.0,1.0,0.0,0.0,0.0,0.0
12783646,0.0,0.0,0.0,0.0,0.0,0.0,0.0,1.0,1.0,0.0
3619778,0.0,0.0,0.0,0.0,0.0,0.0,0.0,0.0,0.0,0.0
3874366,0.0,0.0,0.0,0.0,0.0,0.0,0.0,0.0,0.0,2.0
11865534,0.0,0.0,0.0,0.0,0.0,0.0,0.0,0.0,0.0,0.0
3661171,0.0,0.0,0.0,0.0,0.0,0.0,0.0,0.0,0.0,0.0
1873979,0.0,0.0,0.0,0.0,0.0,0.0,0.0,2.0,1.0,0.0
4334645,2.0,0.0,2.0,2.0,0.0,0.0,0.0,0.0,0.0,0.0
11432345,2.0,2.0,0.0,0.0,0.0,0.0,0.0,1.0,1.0,0.0
2887045,0.0,0.0,0.0,0.0,0.0,0.0,0.0,0.0,0.0,0.0
10042614,0.0,0.0,0.0,0.0,0.0,0.0,0.0,0.0,0.0,0.0
12489808,2.0,2.0,0.0,0.0,2.0,2.0,2.0,0.0,0.0,0.0
3968309,0.0,0.0,0.0,0.0,0.0,0.0,0.0,1.0,0.0,0.0
9965587,0.0,0.0,0.0,0.0,0.0,0.0,0.0,4.0,4.0,0.0
10441484,2.0,2.0,0.0,0.0,2.0,2.0,2.0,4.0,4.0,0.0
3252802,0.0,0.0,0.0,0.0,0.0,0.0,0.0,5.0,0.0,0.0
1470662,0.0,0.0,0.0,0.0,0.0,0.0,0.0,0.0,0.0,0.0
10554177,0.0,0.0,0.0,0.0,0.0,0.0,0.0,0.0,0.0,0.0
2219669,0.0,0.0,0.0,0.0,0.0,0.0,0.0,1.0,0.0,0.0
3722867,0.0,0.0,0.0,0.0,0.0,0.0,0.0,0.0,0.0,0.0
5183944,0.0,0.0,0.0,0.0,0.0,0.0,0.0,5.0,0.0,0.0
2739013,0.0,0.0,0.0,0.0,0.0,0.0,0.0,1.0,1.0,0.0
11973867,0.0,0.0,0.0,0.0,0.0,0.0,0.0,0.0,0.0,0.0
11638988,0.0,0.0,0.0,0.0,0.0,0.0,0.0,0.0,0.0,0.0
11759492,0.0,0.0,0.0,0.0,0.0,0.0,0.0,1.0,1.0,0.0
4062649,0.0,0.0,0.0,0.0,0.0,0.0,0.0,1.0,0.0,0.0
9752451,0.0,0.0,0.0,0.0,0.0,0.0,0.0,1.0,0.0,0.0
13154623,0.0,0.0,0.0,0.0,0.0,0.0,0.0,1.0,1.0,1.0
2021124,0.0,0.0,0.0,0.0,0.0,0.0,0.0,2.0,0.0,0.0
11682419,0.0,0.0,0.0,0.0,0.0,0.0,0.0,0.0,0.0,0.0
12538529,0.0,0.0,0.0,0.0,0.0,0.0,0.0,0.0,0.0,0.0
10640037,0.0,0.0,0.0,0.0,0.0,0.0,0.0,1.0,1.0,0.0
10294732,0.0,0.0,0.0,0.0,0.0,0.0,0.0,2.0,2.0,0.0
3515624,1.0,1.0,0.0,0.0,1.0,1.0,1.0,3.0,0.0,1.0
9825680,0.0,0.0,0.0,0.0,0.0,0.0,0.0,0.0,0.0,0.0
3842562,1.0,0.0,0.0,0.0,0.0,0.0,0.0,1.0,1.0,0.0
12349900,0.0,0.0,0.0,0.0,0.0,0.0,0.0,0.0,0.0,0.0
11351306,0.0,0.0,0.0,0.0,0.0,0.0,0.0,1.0,1.0,0.0
7382849,0.0,0.0,0.0,0.0,0.0,0.0,0.0,0.0,0.0,0.0
12429527,2.0,0.0,2.0,2.0,0.0,0.0,0.0,3.0,3.0,0.0
10626969,0.0,0.0,0.0,0.0,0.0,0.0,0.0,0.0,0.0,0.0
13284541,0.0,0.0,0.0,0.0,0.0,0.0,0.0,5.0,5.0,0.0
4578260,0.0,0.0,0.0,0.0,0.0,0.0,0.0,0.0,0.0,0.0
1459345,1.0,1.0,0.0,0.0,1.0,1.0,0.0,0.0,0.0,0.0
12186547,0.0,0.0,0.0,0.0,0.0,0.0,0.0,0.0,0.0,0.0
9236886,0.0,0.0,0.0,0.0,0.0,0.0,0.0,2.0,0.0,0.0
10327662,3.0,3.0,0.0,0.0,2.0,2.0,2.0,2.0,2.0,0.0
9470766,0.0,0.0,0.0,0.0,0.0,0.0,0.0,0.0,0.0,0.0
12187226,1.0,1.0,0.0,0.0,0.0,0.0,1.0,2.0,2.0,0.0
11401460,0.0,0.0,0.0,0.0,0.0,0.0,0.0,0.0,0.0,0.0
8983666,0.0,0.0,0.0,0.0,0.0,0.0,0.0,1.0,0.0,0.0
3161749,0.0,0.0,0.0,0.0,0.0,0.0,0.0,1.0,1.0,0.0
3741285,0.0,0.0,0.0,0.0,0.0,0.0,0.0,1.0,0.0,0.0
3463087,0.0,0.0,0.0,0.0,0.0,0.0,0.0,0.0,0.0,0.0
9655183,0.0,0.0,0.0,0.0,0.0,0.0,0.0,2.0,2.0,0.0
10805582,0.0,0.0,0.0,0.0,0.0,0.0,0.0,0.0,0.0,0.0
3252740,1.0,1.0,0.0,0.0,1.0,1.0,0.0,0.0,0.0,0.0
3647208,0.0,0.0,0.0,0.0,0.0,0.0,0.0,0.0,0.0,0.0
2137913,0.0,0.0,0.0,0.0,0.0,0.0,0.0,0.0,0.0,0.0
3740661,0.0,0.0,0.0,0.0,0.0,0.0,0.0,0.0,0.0,0.0
11734356,0.0,0.0,0.0,0.0,0.0,0.0,0.0,1.0,1.0,0.0
4059238,0.0,0.0,0.0,0.0,0.0,0.0,0.0,1.0,1.0,0.0
11690412,3.0,3.0,0.0,0.0,3.0,3.0,3.0,0.0,0.0,0.0
3917063,0.0,0.0,0.0,0.0,0.0,0.0,0.0,0.0,0.0,0.0
10684002,0.0,0.0,0.0,0.0,0.0,0.0,0.0,1.0,1.0,0.0
9805125,0.0,0.0,0.0,0.0,0.0,0.0,0.0,0.0,0.0,0.0
3592924,0.0,0.0,0.0,0.0,0.0,0.0,0.0,1.0,0.0,0.0
3629650,0.0,0.0,0.0,0.0,0.0,0.0,0.0,0.0,0.0,0.0
12805199,0.0,0.0,0.0,0.0,0.0,0.0,0.0,0.0,0.0,0.0
3676678,0.0,0.0,0.0,0.0,0.0,0.0,0.0,3.0,0.0,0.0
11352996,1.0,0.0,1.0,1.0,0.0,0.0,0.0,0.0,0.0,0.0
11223615,0.0,0.0,0.0,0.0,0.0,0.0,0.0,0.0,0.0,0.0
10334466,0.0,0.0,0.0,0.0,0.0,0.0,0.0,0.0,0.0,0.0
2060729,0.0,0.0,0.0,0.0,0.0,0.0,0.0,0.0,0.0,0.0
3977079,0.0,0.0,0.0,0.0,0.0,0.0,0.0,3.0,0.0,0.0
12669561,0.0,0.0,0.0,0.0,0.0,0.0,0.0,2.0,2.0,2.0
3199900,0.0,0.0,0.0,0.0,0.0,0.0,0.0,0.0,0.0,0.0
11009266,0.0,0.0,0.0,0.0,0.0,0.0,0.0,0.0,0.0,0.0
3709089,0.0,0.0,0.0,0.0,0.0,0.0,0.0,1.0,0.0,0.0
2982034,0.0,0.0,0.0,0.0,0.0,0.0,0.0,3.0,0.0,0.0
4065298,0.0,0.0,0.0,0.0,0.0,0.0,0.0,0.0,0.0,0.0
3548833,0.0,0.0,0.0,0.0,0.0,0.0,0.0,0.0,0.0,0.0
2933044,0.0,0.0,0.0,0.0,0.0,0.0,0.0,0.0,0.0,0.0
2661169,0.0,0.0,0.0,0.0,0.0,0.0,0.0,0.0,0.0,0.0
4445831,1.0,1.0,0.0,0.0,1.0,1.0,0.0,0.0,0.0,0.0
12333386,0.0,0.0,0.0,0.0,0.0,0.0,0.0,0.0,0.0,0.0
12063979,0.0,0.0,0.0,0.0,0.0,0.0,0.0,2.0,2.0,0.0
11380438,0.0,0.0,0.0,0.0,0.0,0.0,0.0,1.0,1.0,0.0
11599077,0.0,0.0,0.0,0.0,0.0,0.0,0.0,0.0,0.0,0.0
10546169,1.0,0.0,1.0,1.0,0.0,0.0,0.0,2.0,2.0,1.0
11840011,0.0,0.0,0.0,0.0,0.0,0.0,0.0,0.0,0.0,0.0
12525786,0.0,0.0,0.0,0.0,0.0,0.0,0.0,0.0,0.0,0.0
4000591,0.0,0.0,0.0,0.0,0.0,0.0,0.0,1.0,0.0,0.0
4206630,1.0,1.0,0.0,0.0,1.0,1.0,0.0,0.0,0.0,0.0
2756596,2.0,2.0,0.0,0.0,1.0,1.0,2.0,0.0,0.0,0.0
7030095,0.0,0.0,0.0,0.0,0.0,0.0,0.0,0.0,0.0,0.0
12403856,9.0,9.0,0.0,0.0,9.0,9.0,9.0,0.0,0.0,0.0
10298505,4.0,4.0,0.0,0.0,0.0,0.0,2.0,3.0,0.0,0.0
11958435,0.0,0.0,0.0,0.0,0.0,0.0,0.0,0.0,0.0,0.0
3026182,0.0,0.0,0.0,0.0,0.0,0.0,0.0,0.0,0.0,0.0
3687953,0.0,0.0,0.0,0.0,0.0,0.0,0.0,0.0,0.0,0.0
2000506,1.0,1.0,0.0,0.0,1.0,1.0,1.0,0.0,0.0,0.0
5481559,0.0,0.0,0.0,0.0,0.0,0.0,0.0,1.0,0.0,0.0
10449566,0.0,0.0,0.0,0.0,0.0,0.0,0.0,0.0,0.0,0.0
10302654,0.0,0.0,0.0,0.0,0.0,0.0,0.0,0.0,0.0,0.0
12487879,0.0,0.0,0.0,0.0,0.0,0.0,0.0,1.0,0.0,1.0
12179193,0.0,0.0,0.0,0.0,0.0,0.0,0.0,0.0,0.0,0.0
11944727,0.0,0.0,0.0,0.0,0.0,0.0,0.0,0.0,0.0,0.0
3736990,1.0,1.0,0.0,0.0,1.0,1.0,1.0,0.0,0.0,0.0
3164414,0.0,0.0,0.0,0.0,0.0,0.0,0.0,0.0,0.0,0.0
11987529,2.0,2.0,0.0,0.0,0.0,0.0,0.0,0.0,0.0,0.0
13216680,3.0,3.0,0.0,0.0,3.0,3.0,0.0,0.0,0.0,0.0
10702652,0.0,0.0,0.0,0.0,0.0,0.0,0.0,1.0,1.0,0.0
3079473,0.0,0.0,0.0,0.0,0.0,0.0,0.0,0.0,0.0,0.0
5677415,0.0,0.0,0.0,0.0,0.0,0.0,0.0,1.0,0.0,0.0
10696743,2.0,2.0,0.0,0.0,2.0,2.0,2.0,0.0,0.0,0.0
10236073,1.0,0.0,1.0,1.0,0.0,0.0,0.0,0.0,0.0,0.0
2068825,0.0,0.0,0.0,0.0,0.0,0.0,0.0,0.0,0.0,0.0
10123534,0.0,0.0,0.0,0.0,0.0,0.0,0.0,0.0,0.0,0.0
5488313,0.0,0.0,0.0,0.0,0.0,0.0,0.0,3.0,0.0,0.0
12465866,0.0,0.0,0.0,0.0,0.0,0.0,0.0,1.0,1.0,0.0
4130183,0.0,0.0,0.0,0.0,0.0,0.0,0.0,1.0,0.0,1.0
12328344,0.0,0.0,0.0,0.0,0.0,0.0,0.0,1.0,1.0,0.0
12045702,0.0,0.0,0.0,0.0,0.0,0.0,0.0,1.0,1.0,0.0
10483686,0.0,0.0,0.0,0.0,0.0,0.0,0.0,1.0,1.0,0.0
10587189,0.0,0.0,0.0,0.0,0.0,0.0,0.0,0.0,0.0,0.0
11757936,4.0,4.0,0.0,0.0,4.0,4.0,0.0,0.0,0.0,0.0
12722381,0.0,0.0,0.0,0.0,0.0,0.0,0.0,0.0,0.0,0.0
10943906,0.0,0.0,0.0,0.0,0.0,0.0,0.0,0.0,0.0,0.0
5777063,0.0,0.0,0.0,0.0,0.0,0.0,0.0,2.0,0.0,0.0
10010877,0.0,0.0,0.0,0.0,0.0,0.0,0.0,0.0,0.0,0.0
8652669,0.0,0.0,0.0,0.0,0.0,0.0,0.0,0.0,0.0,0.0
7851990,1.0,1.0,0.0,0.0,1.0,1.0,0.0,0.0,0.0,0.0
10504266,0.0,0.0,0.0,0.0,0.0,0.0,0.0,1.0,1.0,0.0
2297180,0.0,0.0,0.0,0.0,0.0,0.0,0.0,0.0,0.0,0.0
3057659,0.0,0.0,0.0,0.0,0.0,0.0,0.0,0.0,0.0,0.0
11651264,1.0,0.0,1.0,1.0,0.0,0.0,0.0,0.0,0.0,0.0
10286588,0.0,0.0,0.0,0.0,0.0,0.0,0.0,2.0,2.0,0.0
4013575,0.0,0.0,0.0,0.0,0.0,0.0,0.0,4.0,3.0,0.0
3980306,0.0,0.0,0.0,0.0,0.0,0.0,0.0,0.0,0.0,0.0
9847658,0.0,0.0,0.0,0.0,0.0,0.0,0.0,0.0,0.0,0.0
12772219,0.0,0.0,0.0,0.0,0.0,0.0,0.0,0.0,0.0,0.0
3892239,0.0,0.0,0.0,0.0,0.0,0.0,0.0,1.0,1.0,0.0
9780463,0.0,0.0,0.0,0.0,0.0,0.0,0.0,0.0,0.0,0.0
9324995,0.0,0.0,0.0,0.0,0.0,0.0,0.0,0.0,0.0,0.0
12004349,0.0,0.0,0.0,0.0,0.0,0.0,0.0,0.0,0.0,0.0
10967770,1.0,0.0,1.0,1.0,0.0,0.0,0.0,1.0,0.0,0.0
10236113,0.0,0.0,0.0,0.0,0.0,0.0,0.0,1.0,1.0,0.0
3653280,0.0,0.0,0.0,0.0,0.0,0.0,0.0,0.0,0.0,0.0
6903833,1.0,0.0,1.0,1.0,0.0,0.0,0.0,0.0,0.0,0.0
10313701,0.0,0.0,0.0,0.0,0.0,0.0,0.0,1.0,1.0,0.0
10614517,0.0,0.0,0.0,0.0,0.0,0.0,0.0,2.0,2.0,0.0
4337361,0.0,0.0,0.0,0.0,0.0,0.0,0.0,1.0,0.0,0.0
5717686,0.0,0.0,0.0,0.0,0.0,0.0,0.0,0.0,0.0,0.0
5979942,0.0,0.0,0.0,0.0,0.0,0.0,0.0,5.0,0.0,0.0
4023754,0.0,0.0,0.0,0.0,0.0,0.0,0.0,0.0,0.0,0.0
2545878,2.0,2.0,0.0,0.0,2.0,2.0,0.0,1.0,0.0,0.0
10674354,0.0,0.0,0.0,0.0,0.0,0.0,0.0,0.0,0.0,0.0
12382825,0.0,0.0,0.0,0.0,0.0,0.0,0.0,0.0,0.0,0.0
4173331,0.0,0.0,0.0,0.0,0.0,0.0,0.0,0.0,0.0,0.0
11683995,0.0,0.0,0.0,0.0,0.0,0.0,0.0,0.0,0.0,0.0
11697203,9.0,8.0,1.0,1.0,0.0,0.0,0.0,2.0,2.0,2.0
11845865,0.0,0.0,0.0,0.0,0.0,0.0,0.0,2.0,2.0,0.0
3536256,0.0,0.0,0.0,0.0,0.0,0.0,0.0,1.0,1.0,1.0
12404567,0.0,0.0,0.0,0.0,0.0,0.0,0.0,0.0,0.0,0.0
3104736,5.0,5.0,0.0,0.0,5.0,5.0,5.0,0.0,0.0,0.0
3404952,0.0,0.0,0.0,0.0,0.0,0.0,0.0,0.0,0.0,0.0
2054716,5.0,0.0,5.0,5.0,0.0,0.0,0.0,0.0,0.0,0.0
1830696,0.0,0.0,0.0,0.0,0.0,0.0,0.0,1.0,1.0,0.0
10415271,0.0,0.0,0.0,0.0,0.0,0.0,0.0,0.0,0.0,0.0
4479269,0.0,0.0,0.0,0.0,0.0,0.0,0.0,1.0,0.0,0.0
11610122,1.0,1.0,0.0,0.0,1.0,1.0,1.0,0.0,0.0,0.0
10172543,0.0,0.0,0.0,0.0,0.0,0.0,0.0,0.0,0.0,0.0
10440789,2.0,0.0,2.0,2.0,0.0,0.0,0.0,0.0,0.0,0.0
3916737,0.0,0.0,0.0,0.0,0.0,0.0,0.0,0.0,0.0,0.0
10225454,4.0,4.0,0.0,0.0,3.0,3.0,4.0,0.0,0.0,0.0
3211972,0.0,0.0,0.0,0.0,0.0,0.0,0.0,0.0,0.0,0.0
10062176,0.0,0.0,0.0,0.0,0.0,0.0,0.0,2.0,2.0,0.0
2640817,0.0,0.0,0.0,0.0,0.0,0.0,0.0,2.0,0.0,0.0
6142230,0.0,0.0,0.0,0.0,0.0,0.0,0.0,4.0,0.0,3.0
12651974,0.0,0.0,0.0,0.0,0.0,0.0,0.0,3.0,3.0,0.0
9042436,0.0,0.0,0.0,0.0,0.0,0.0,0.0,2.0,2.0,0.0
3293079,0.0,0.0,0.0,0.0,0.0,0.0,0.0,0.0,0.0,0.0
12486392,0.0,0.0,0.0,0.0,0.0,0.0,0.0,2.0,2.0,0.0
1388416,0.0,0.0,0.0,0.0,0.0,0.0,0.0,0.0,0.0,0.0
12845477,0.0,0.0,0.0,0.0,0.0,0.0,0.0,2.0,2.0,0.0
3710925,0.0,0.0,0.0,0.0,0.0,0.0,0.0,3.0,0.0,0.0
3470527,0.0,0.0,0.0,0.0,0.0,0.0,0.0,0.0,0.0,0.0
10736292,0.0,0.0,0.0,0.0,0.0,0.0,0.0,2.0,1.0,0.0
13441127,0.0,0.0,0.0,0.0,0.0,0.0,0.0,0.0,0.0,0.0
5025243,0.0,0.0,0.0,0.0,0.0,0.0,0.0,0.0,0.0,0.0
10294217,0.0,0.0,0.0,0.0,0.0,0.0,0.0,2.0,2.0,0.0
3351375,0.0,0.0,0.0,0.0,0.0,0.0,0.0,0.0,0.0,0.0
3718829,0.0,0.0,0.0,0.0,0.0,0.0,0.0,3.0,0.0,0.0
10485943,0.0,0.0,0.0,0.0,0.0,0.0,0.0,2.0,2.0,0.0
10131061,0.0,0.0,0.0,0.0,0.0,0.0,0.0,2.0,2.0,0.0
6982760,0.0,0.0,0.0,0.0,0.0,0.0,0.0,0.0,0.0,0.0
2703970,0.0,0.0,0.0,0.0,0.0,0.0,0.0,1.0,0.0,0.0
2938747,2.0,0.0,2.0,2.0,0.0,0.0,0.0,2.0,1.0,0.0
13371773,0.0,0.0,0.0,0.0,0.0,0.0,0.0,3.0,3.0,0.0
2531705,0.0,0.0,0.0,0.0,0.0,0.0,0.0,0.0,0.0,0.0
10545684,0.0,0.0,0.0,0.0,0.0,0.0,0.0,0.0,0.0,0.0
5179299,0.0,0.0,0.0,0.0,0.0,0.0,0.0,0.0,0.0,0.0
3331452,1.0,0.0,1.0,1.0,0.0,0.0,0.0,0.0,0.0,0.0
11821712,0.0,0.0,0.0,0.0,0.0,0.0,0.0,1.0,1.0,0.0
1970683,0.0,0.0,0.0,0.0,0.0,0.0,0.0,0.0,0.0,0.0
9856353,0.0,0.0,0.0,0.0,0.0,0.0,0.0,1.0,1.0,0.0
4391728,0.0,0.0,0.0,0.0,0.0,0.0,0.0,0.0,0.0,0.0
9735485,2.0,0.0,2.0,2.0,0.0,0.0,0.0,1.0,0.0,0.0
10879720,0.0,0.0,0.0,0.0,0.0,0.0,0.0,0.0,0.0,0.0
13398549,0.0,0.0,0.0,0.0,0.0,0.0,0.0,0.0,0.0,0.0
3709543,2.0,2.0,0.0,0.0,2.0,2.0,0.0,0.0,0.0,0.0
12917392,0.0,0.0,0.0,0.0,0.0,0.0,0.0,3.0,3.0,0.0
3256056,0.0,0.0,0.0,0.0,0.0,0.0,0.0,0.0,0.0,0.0
12371589,0.0,0.0,0.0,0.0,0.0,0.0,0.0,0.0,0.0,0.0
9777073,1.0,1.0,0.0,0.0,0.0,0.0,0.0,0.0,0.0,0.0
4184941,0.0,0.0,0.0,0.0,0.0,0.0,0.0,0.0,0.0,0.0
13012021,0.0,0.0,0.0,0.0,0.0,0.0,0.0,0.0,0.0,0.0
12107633,0.0,0.0,0.0,0.0,0.0,0.0,0.0,3.0,3.0,0.0
12218553,2.0,0.0,0.0,0.0,0.0,0.0,0.0,5.0,5.0,0.0
3841128,0.0,0.0,0.0,0.0,0.0,0.0,0.0,2.0,0.0,0.0
11883125,0.0,0.0,0.0,0.0,0.0,0.0,0.0,1.0,1.0,0.0
10312166,0.0,0.0,0.0,0.0,0.0,0.0,0.0,0.0,0.0,0.0
6324990,3.0,3.0,0.0,0.0,3.0,3.0,3.0,0.0,0.0,0.0
3115989,0.0,0.0,0.0,0.0,0.0,0.0,0.0,0.0,0.0,0.0
5257701,0.0,0.0,0.0,0.0,0.0,0.0,0.0,2.0,0.0,0.0
2595578,23.0,16.0,7.0,7.0,16.0,16.0,16.0,5.0,0.0,0.0
11419778,1.0,1.0,0.0,0.0,1.0,1.0,1.0,0.0,0.0,0.0
1981198,0.0,0.0,0.0,0.0,0.0,0.0,0.0,0.0,0.0,0.0
12907035,0.0,0.0,0.0,0.0,0.0,0.0,0.0,0.0,0.0,0.0
12509299,1.0,1.0,0.0,0.0,1.0,1.0,1.0,1.0,1.0,0.0
13149499,0.0,0.0,0.0,0.0,0.0,0.0,0.0,0.0,0.0,0.0
10199477,0.0,0.0,0.0,0.0,0.0,0.0,0.0,2.0,2.0,0.0
5961354,0.0,0.0,0.0,0.0,0.0,0.0,0.0,1.0,1.0,0.0
10508403,0.0,0.0,0.0,0.0,0.0,0.0,0.0,0.0,0.0,0.0
9703063,0.0,0.0,0.0,0.0,0.0,0.0,0.0,0.0,0.0,0.0
3193280,0.0,0.0,0.0,0.0,0.0,0.0,0.0,0.0,0.0,0.0
9007679,0.0,0.0,0.0,0.0,0.0,0.0,0.0,0.0,0.0,0.0
12252342,0.0,0.0,0.0,0.0,0.0,0.0,0.0,2.0,2.0,0.0
5963043,0.0,0.0,0.0,0.0,0.0,0.0,0.0,0.0,0.0,0.0
12407979,0.0,0.0,0.0,0.0,0.0,0.0,0.0,1.0,1.0,0.0
10973876,0.0,0.0,0.0,0.0,0.0,0.0,0.0,1.0,1.0,0.0
12379412,0.0,0.0,0.0,0.0,0.0,0.0,0.0,17.0,17.0,0.0
3366665,0.0,0.0,0.0,0.0,0.0,0.0,0.0,3.0,0.0,0.0
8750713,0.0,0.0,0.0,0.0,0.0,0.0,0.0,1.0,0.0,0.0
5357902,0.0,0.0,0.0,0.0,0.0,0.0,0.0,3.0,0.0,3.0
13364779,0.0,0.0,0.0,0.0,0.0,0.0,0.0,0.0,0.0,0.0
11014795,0.0,0.0,0.0,0.0,0.0,0.0,0.0,1.0,0.0,0.0
12471276,0.0,0.0,0.0,0.0,0.0,0.0,0.0,0.0,0.0,0.0
12835657,3.0,0.0,3.0,3.0,0.0,0.0,0.0,0.0,0.0,0.0
3326548,0.0,0.0,0.0,0.0,0.0,0.0,0.0,0.0,0.0,0.0
3429391,0.0,0.0,0.0,0.0,0.0,0.0,0.0,1.0,0.0,0.0
12408309,0.0,0.0,0.0,0.0,0.0,0.0,0.0,0.0,0.0,0.0
10447357,0.0,0.0,0.0,0.0,0.0,0.0,0.0,0.0,0.0,0.0
13316126,1.0,1.0,0.0,0.0,0.0,0.0,0.0,2.0,1.0,1.0
4062594,1.0,0.0,0.0,0.0,0.0,0.0,0.0,1.0,0.0,0.0
10540548,0.0,0.0,0.0,0.0,0.0,0.0,0.0,0.0,0.0,0.0
13236814,0.0,0.0,0.0,0.0,0.0,0.0,0.0,0.0,0.0,0.0
11114182,0.0,0.0,0.0,0.0,0.0,0.0,0.0,0.0,0.0,0.0
5270191,0.0,0.0,0.0,0.0,0.0,0.0,0.0,0.0,0.0,0.0
10234262,0.0,0.0,0.0,0.0,0.0,0.0,0.0,2.0,2.0,0.0
9721786,1.0,1.0,0.0,0.0,1.0,1.0,0.0,0.0,0.0,1.0
9758802,0.0,0.0,0.0,0.0,0.0,0.0,0.0,0.0,0.0,0.0
12911083,0.0,0.0,0.0,0.0,0.0,0.0,0.0,2.0,2.0,0.0
4188302,0.0,0.0,0.0,0.0,0.0,0.0,0.0,0.0,0.0,0.0
11082722,0.0,0.0,0.0,0.0,0.0,0.0,0.0,1.0,0.0,0.0
11479827,0.0,0.0,0.0,0.0,0.0,0.0,0.0,0.0,0.0,0.0
4233766,0.0,0.0,0.0,0.0,0.0,0.0,0.0,2.0,0.0,0.0
12237112,0.0,0.0,0.0,0.0,0.0,0.0,0.0,0.0,0.0,0.0
3433589,0.0,0.0,0.0,0.0,0.0,0.0,0.0,0.0,0.0,0.0
12270284,0.0,0.0,0.0,0.0,0.0,0.0,0.0,1.0,1.0,0.0
10827499,0.0,0.0,0.0,0.0,0.0,0.0,0.0,0.0,0.0,0.0
3601977,0.0,0.0,0.0,0.0,0.0,0.0,0.0,0.0,0.0,0.0
3093136,16.0,15.0,1.0,1.0,15.0,15.0,0.0,4.0,0.0,0.0
1301054,1.0,1.0,0.0,0.0,1.0,1.0,0.0,0.0,0.0,0.0
10214682,0.0,0.0,0.0,0.0,0.0,0.0,0.0,0.0,0.0,0.0
10057144,0.0,0.0,0.0,0.0,0.0,0.0,0.0,0.0,0.0,0.0
3328546,0.0,0.0,0.0,0.0,0.0,0.0,0.0,0.0,0.0,0.0
11834794,0.0,0.0,0.0,0.0,0.0,0.0,0.0,0.0,0.0,1.0
11947759,2.0,1.0,1.0,1.0,1.0,1.0,1.0,1.0,1.0,0.0
11390423,0.0,0.0,0.0,0.0,0.0,0.0,0.0,1.0,0.0,0.0
3700156,0.0,0.0,0.0,0.0,0.0,0.0,0.0,1.0,0.0,0.0
4161022,0.0,0.0,0.0,0.0,0.0,0.0,0.0,1.0,0.0,0.0
12918826,0.0,0.0,0.0,0.0,0.0,0.0,0.0,0.0,0.0,0.0
5704364,0.0,0.0,0.0,0.0,0.0,0.0,0.0,1.0,0.0,0.0
4185457,0.0,0.0,0.0,0.0,0.0,0.0,0.0,0.0,0.0,0.0
12234243,0.0,0.0,0.0,0.0,0.0,0.0,0.0,0.0,0.0,0.0
1858093,0.0,0.0,0.0,0.0,0.0,0.0,0.0,0.0,0.0,0.0
13365464,0.0,0.0,0.0,0.0,0.0,0.0,0.0,0.0,0.0,0.0
12567056,0.0,0.0,0.0,0.0,0.0,0.0,0.0,0.0,0.0,0.0
4552877,4.0,0.0,0.0,0.0,0.0,0.0,0.0,17.0,8.0,0.0
11255826,0.0,0.0,0.0,0.0,0.0,0.0,0.0,0.0,0.0,0.0
6318689,0.0,0.0,0.0,0.0,0.0,0.0,0.0,1.0,1.0,0.0
5709912,0.0,0.0,0.0,0.0,0.0,0.0,0.0,0.0,0.0,0.0
10418411,0.0,0.0,0.0,0.0,0.0,0.0,0.0,0.0,0.0,0.0
11964113,0.0,0.0,0.0,0.0,0.0,0.0,0.0,1.0,0.0,0.0
2834903,3.0,0.0,3.0,3.0,0.0,0.0,0.0,0.0,0.0,0.0
4826326,2.0,2.0,0.0,0.0,2.0,2.0,0.0,0.0,0.0,0.0
4539067,1.0,1.0,0.0,0.0,1.0,1.0,0.0,0.0,0.0,0.0
11178015,0.0,0.0,0.0,0.0,0.0,0.0,0.0,0.0,0.0,0.0
11691237,1.0,1.0,0.0,0.0,0.0,0.0,0.0,0.0,0.0,0.0
2543455,0.0,0.0,0.0,0.0,0.0,0.0,0.0,0.0,0.0,0.0
5297069,0.0,0.0,0.0,0.0,0.0,0.0,0.0,0.0,0.0,0.0
3160523,1.0,0.0,1.0,1.0,0.0,0.0,0.0,0.0,0.0,0.0
3126435,0.0,0.0,0.0,0.0,0.0,0.0,0.0,1.0,0.0,0.0
4984737,0.0,0.0,0.0,0.0,0.0,0.0,0.0,0.0,0.0,0.0
3463547,1.0,0.0,1.0,1.0,0.0,0.0,0.0,0.0,0.0,0.0
7898423,0.0,0.0,0.0,0.0,0.0,0.0,0.0,1.0,1.0,1.0
11455285,0.0,0.0,0.0,0.0,0.0,0.0,0.0,0.0,0.0,0.0
2790656,0.0,0.0,0.0,0.0,0.0,0.0,0.0,0.0,0.0,0.0
2791902,0.0,0.0,0.0,0.0,0.0,0.0,0.0,0.0,0.0,0.0
13151028,0.0,0.0,0.0,0.0,0.0,0.0,0.0,0.0,0.0,0.0
11863166,2.0,0.0,2.0,2.0,0.0,0.0,0.0,0.0,0.0,0.0
7888353,1.0,0.0,1.0,1.0,0.0,0.0,0.0,0.0,0.0,0.0
11741004,0.0,0.0,0.0,0.0,0.0,0.0,0.0,0.0,0.0,0.0
10867258,0.0,0.0,0.0,0.0,0.0,0.0,0.0,0.0,0.0,0.0
1960268,0.0,0.0,0.0,0.0,0.0,0.0,0.0,0.0,0.0,0.0
3581141,2.0,1.0,1.0,1.0,1.0,1.0,1.0,0.0,0.0,0.0
11274132,0.0,0.0,0.0,0.0,0.0,0.0,0.0,0.0,0.0,0.0
10819699,0.0,0.0,0.0,0.0,0.0,0.0,0.0,2.0,2.0,0.0
8489809,0.0,0.0,0.0,0.0,0.0,0.0,0.0,0.0,0.0,0.0
1995635,0.0,0.0,0.0,0.0,0.0,0.0,0.0,14.0,14.0,14.0
3807808,0.0,0.0,0.0,0.0,0.0,0.0,0.0,0.0,0.0,0.0
13244437,0.0,0.0,0.0,0.0,0.0,0.0,0.0,0.0,0.0,0.0
3872849,9.0,0.0,9.0,9.0,0.0,0.0,0.0,2.0,0.0,0.0
2418589,0.0,0.0,0.0,0.0,0.0,0.0,0.0,1.0,0.0,0.0
1294168,0.0,0.0,0.0,0.0,0.0,0.0,0.0,0.0,0.0,0.0
12852413,0.0,0.0,0.0,0.0,0.0,0.0,0.0,0.0,0.0,0.0
9436714,0.0,0.0,0.0,0.0,0.0,0.0,0.0,1.0,0.0,0.0
10239267,0.0,0.0,0.0,0.0,0.0,0.0,0.0,0.0,0.0,0.0
6957976,0.0,0.0,0.0,0.0,0.0,0.0,0.0,0.0,0.0,0.0
4198530,1.0,0.0,1.0,1.0,0.0,0.0,0.0,0.0,0.0,0.0
12501493,0.0,0.0,0.0,0.0,0.0,0.0,0.0,3.0,3.0,0.0
11693752,2.0,2.0,0.0,0.0,2.0,2.0,2.0,0.0,0.0,0.0
6145603,0.0,0.0,0.0,0.0,0.0,0.0,0.0,2.0,2.0,0.0
5373107,0.0,0.0,0.0,0.0,0.0,0.0,0.0,0.0,0.0,0.0
3078488,0.0,0.0,0.0,0.0,0.0,0.0,0.0,0.0,0.0,0.0
12011304,0.0,0.0,0.0,0.0,0.0,0.0,0.0,1.0,1.0,0.0
4135809,1.0,1.0,0.0,0.0,0.0,0.0,1.0,0.0,0.0,0.0
13298225,0.0,0.0,0.0,0.0,0.0,0.0,0.0,1.0,1.0,0.0
2977905,7.0,3.0,4.0,4.0,0.0,0.0,0.0,2.0,0.0,0.0
9989912,1.0,0.0,1.0,1.0,0.0,0.0,0.0,0.0,0.0,0.0
1930659,0.0,0.0,0.0,0.0,0.0,0.0,0.0,2.0,2.0,0.0
12242215,0.0,0.0,0.0,0.0,0.0,0.0,0.0,0.0,0.0,0.0
11026318,0.0,0.0,0.0,0.0,0.0,0.0,0.0,0.0,0.0,0.0
4144098,0.0,0.0,0.0,0.0,0.0,0.0,0.0,0.0,0.0,0.0
12912346,0.0,0.0,0.0,0.0,0.0,0.0,0.0,0.0,0.0,0.0
10895360,0.0,0.0,0.0,0.0,0.0,0.0,0.0,9.0,9.0,0.0
2661467,1.0,1.0,0.0,0.0,1.0,1.0,0.0,0.0,0.0,0.0
9836614,0.0,0.0,0.0,0.0,0.0,0.0,0.0,2.0,2.0,0.0
10616624,0.0,0.0,0.0,0.0,0.0,0.0,0.0,0.0,0.0,0.0
10418877,0.0,0.0,0.0,0.0,0.0,0.0,0.0,0.0,0.0,0.0
12423385,5.0,1.0,4.0,4.0,0.0,0.0,0.0,1.0,0.0,0.0
3370230,0.0,0.0,0.0,0.0,0.0,0.0,0.0,2.0,0.0,0.0
3776610,0.0,0.0,0.0,0.0,0.0,0.0,0.0,0.0,0.0,0.0
9826151,5.0,0.0,5.0,5.0,0.0,0.0,0.0,0.0,0.0,0.0
12894196,0.0,0.0,0.0,0.0,0.0,0.0,0.0,0.0,0.0,0.0
10998265,0.0,0.0,0.0,0.0,0.0,0.0,0.0,1.0,1.0,1.0
4825183,0.0,0.0,0.0,0.0,0.0,0.0,0.0,2.0,0.0,0.0
9743377,1.0,0.0,1.0,1.0,0.0,0.0,0.0,0.0,0.0,0.0
10816808,0.0,0.0,0.0,0.0,0.0,0.0,0.0,4.0,1.0,0.0
13163156,0.0,0.0,0.0,0.0,0.0,0.0,0.0,1.0,1.0,0.0
11681177,0.0,0.0,0.0,0.0,0.0,0.0,0.0,0.0,0.0,0.0
3513552,0.0,0.0,0.0,0.0,0.0,0.0,0.0,0.0,0.0,0.0
10316237,0.0,0.0,0.0,0.0,0.0,0.0,0.0,0.0,0.0,0.0
13418269,4.0,4.0,0.0,0.0,4.0,4.0,4.0,0.0,0.0,0.0
2172336,0.0,0.0,0.0,0.0,0.0,0.0,0.0,0.0,0.0,0.0
3249397,0.0,0.0,0.0,0.0,0.0,0.0,0.0,0.0,0.0,0.0
12002383,0.0,0.0,0.0,0.0,0.0,0.0,0.0,0.0,0.0,0.0
11542931,0.0,0.0,0.0,0.0,0.0,0.0,0.0,2.0,2.0,0.0
6203280,4.0,4.0,0.0,0.0,4.0,4.0,0.0,0.0,0.0,0.0
12267442,3.0,3.0,0.0,0.0,3.0,3.0,3.0,3.0,2.0,0.0
11223541,0.0,0.0,0.0,0.0,0.0,0.0,0.0,0.0,0.0,0.0
10556388,0.0,0.0,0.0,0.0,0.0,0.0,0.0,0.0,0.0,0.0
11908391,0.0,0.0,0.0,0.0,0.0,0.0,0.0,0.0,0.0,0.0
10006907,1.0,0.0,1.0,1.0,0.0,0.0,0.0,1.0,0.0,0.0
3372822,0.0,0.0,0.0,0.0,0.0,0.0,0.0,1.0,0.0,0.0
1117567,0.0,0.0,0.0,0.0,0.0,0.0,0.0,0.0,0.0,0.0
2020459,0.0,0.0,0.0,0.0,0.0,0.0,0.0,1.0,0.0,0.0
10338510,0.0,0.0,0.0,0.0,0.0,0.0,0.0,0.0,0.0,0.0
4558962,0.0,0.0,0.0,0.0,0.0,0.0,0.0,0.0,0.0,0.0
13253741,0.0,0.0,0.0,0.0,0.0,0.0,0.0,2.0,2.0,0.0
11885458,0.0,0.0,0.0,0.0,0.0,0.0,0.0,0.0,0.0,0.0
11690070,0.0,0.0,0.0,0.0,0.0,0.0,0.0,0.0,0.0,0.0
8343473,0.0,0.0,0.0,0.0,0.0,0.0,0.0,0.0,0.0,0.0
9763492,1.0,1.0,0.0,0.0,1.0,1.0,1.0,1.0,1.0,0.0
12492264,0.0,0.0,0.0,0.0,0.0,0.0,0.0,3.0,3.0,0.0
9756937,0.0,0.0,0.0,0.0,0.0,0.0,0.0,1.0,1.0,1.0
2297371,0.0,0.0,0.0,0.0,0.0,0.0,0.0,1.0,0.0,0.0
4480337,0.0,0.0,0.0,0.0,0.0,0.0,0.0,0.0,0.0,0.0
4271049,0.0,0.0,0.0,0.0,0.0,0.0,0.0,0.0,0.0,0.0
12540519,1.0,0.0,0.0,0.0,0.0,0.0,0.0,1.0,1.0,0.0
1195052,0.0,0.0,0.0,0.0,0.0,0.0,0.0,3.0,3.0,1.0
3253096,0.0,0.0,0.0,0.0,0.0,0.0,0.0,0.0,0.0,0.0
2644048,0.0,0.0,0.0,0.0,0.0,0.0,0.0,1.0,0.0,0.0
3114131,0.0,0.0,0.0,0.0,0.0,0.0,0.0,2.0,0.0,1.0
4942022,0.0,0.0,0.0,0.0,0.0,0.0,0.0,0.0,0.0,0.0
3843491,0.0,0.0,0.0,0.0,0.0,0.0,0.0,0.0,0.0,0.0
11553828,0.0,0.0,0.0,0.0,0.0,0.0,0.0,5.0,4.0,0.0
5873677,0.0,0.0,0.0,0.0,0.0,0.0,0.0,1.0,0.0,0.0
11100181,0.0,0.0,0.0,0.0,0.0,0.0,0.0,0.0,0.0,0.0
3324351,0.0,0.0,0.0,0.0,0.0,0.0,0.0,0.0,0.0,0.0
10734644,0.0,0.0,0.0,0.0,0.0,0.0,0.0,0.0,0.0,0.0
10472876,0.0,0.0,0.0,0.0,0.0,0.0,0.0,0.0,0.0,0.0
4941031,0.0,0.0,0.0,0.0,0.0,0.0,0.0,0.0,0.0,0.0
4166302,0.0,0.0,0.0,0.0,0.0,0.0,0.0,1.0,0.0,0.0
11766030,0.0,0.0,0.0,0.0,0.0,0.0,0.0,0.0,0.0,0.0
10135123,0.0,0.0,0.0,0.0,0.0,0.0,0.0,0.0,0.0,0.0
10100012,0.0,0.0,0.0,0.0,0.0,0.0,0.0,1.0,1.0,0.0
2610788,1.0,1.0,0.0,0.0,1.0,1.0,1.0,0.0,0.0,0.0
2570653,6.0,6.0,0.0,0.0,6.0,6.0,6.0,3.0,0.0,0.0
12064544,0.0,0.0,0.0,0.0,0.0,0.0,0.0,2.0,1.0,0.0
10095308,1.0,0.0,1.0,1.0,0.0,0.0,0.0,1.0,0.0,0.0
12463656,0.0,0.0,0.0,0.0,0.0,0.0,0.0,0.0,0.0,0.0
10435411,0.0,0.0,0.0,0.0,0.0,0.0,0.0,0.0,0.0,0.0
4163098,0.0,0.0,0.0,0.0,0.0,0.0,0.0,0.0,0.0,0.0
10451061,0.0,0.0,0.0,0.0,0.0,0.0,0.0,0.0,0.0,0.0
1468374,1.0,0.0,1.0,1.0,0.0,0.0,0.0,0.0,0.0,0.0
3276461,0.0,0.0,0.0,0.0,0.0,0.0,0.0,0.0,0.0,0.0
3863967,0.0,0.0,0.0,0.0,0.0,0.0,0.0,0.0,0.0,0.0
13050381,0.0,0.0,0.0,0.0,0.0,0.0,0.0,2.0,2.0,0.0
10770109,0.0,0.0,0.0,0.0,0.0,0.0,0.0,0.0,0.0,0.0
3570311,0.0,0.0,0.0,0.0,0.0,0.0,0.0,0.0,0.0,0.0
6766274,0.0,0.0,0.0,0.0,0.0,0.0,0.0,1.0,1.0,0.0
12913140,0.0,0.0,0.0,0.0,0.0,0.0,0.0,1.0,1.0,0.0
12248282,0.0,0.0,0.0,0.0,0.0,0.0,0.0,0.0,0.0,0.0
1434487,0.0,0.0,0.0,0.0,0.0,0.0,0.0,0.0,0.0,0.0
11931551,0.0,0.0,0.0,0.0,0.0,0.0,0.0,3.0,3.0,0.0
11908523,6.0,6.0,0.0,0.0,0.0,0.0,0.0,0.0,0.0,0.0
2996530,0.0,0.0,0.0,0.0,0.0,0.0,0.0,9.0,0.0,0.0
10227006,0.0,0.0,0.0,0.0,0.0,0.0,0.0,3.0,3.0,0.0
9900958,1.0,0.0,1.0,1.0,0.0,0.0,0.0,0.0,0.0,0.0
6279122,0.0,0.0,0.0,0.0,0.0,0.0,0.0,0.0,0.0,0.0
11401431,2.0,0.0,2.0,2.0,0.0,0.0,0.0,8.0,8.0,0.0
11101625,0.0,0.0,0.0,0.0,0.0,0.0,0.0,0.0,0.0,0.0
9716867,0.0,0.0,0.0,0.0,0.0,0.0,0.0,0.0,0.0,0.0
10717559,2.0,1.0,1.0,1.0,1.0,1.0,0.0,0.0,0.0,0.0
10910172,0.0,0.0,0.0,0.0,0.0,0.0,0.0,0.0,0.0,0.0
13403980,0.0,0.0,0.0,0.0,0.0,0.0,0.0,0.0,0.0,0.0
11792900,0.0,0.0,0.0,0.0,0.0,0.0,0.0,1.0,1.0,0.0
4515785,0.0,0.0,0.0,0.0,0.0,0.0,0.0,1.0,0.0,0.0
12554085,0.0,0.0,0.0,0.0,0.0,0.0,0.0,1.0,1.0,0.0
3391913,0.0,0.0,0.0,0.0,0.0,0.0,0.0,0.0,0.0,0.0
2640457,0.0,0.0,0.0,0.0,0.0,0.0,0.0,1.0,0.0,0.0
10048016,0.0,0.0,0.0,0.0,0.0,0.0,0.0,2.0,2.0,0.0
1367386,0.0,0.0,0.0,0.0,0.0,0.0,0.0,6.0,6.0,0.0
11659705,0.0,0.0,0.0,0.0,0.0,0.0,0.0,1.0,1.0,0.0
11977488,0.0,0.0,0.0,0.0,0.0,0.0,0.0,0.0,0.0,0.0
13205248,0.0,0.0,0.0,0.0,0.0,0.0,0.0,1.0,1.0,0.0
4368653,10.0,10.0,0.0,0.0,10.0,10.0,10.0,0.0,0.0,0.0
3139273,0.0,0.0,0.0,0.0,0.0,0.0,0.0,0.0,0.0,0.0
13077225,0.0,0.0,0.0,0.0,0.0,0.0,0.0,0.0,0.0,0.0
4241322,3.0,3.0,0.0,0.0,3.0,3.0,3.0,0.0,0.0,0.0
12432789,0.0,0.0,0.0,0.0,0.0,0.0,0.0,1.0,1.0,0.0
5670788,0.0,0.0,0.0,0.0,0.0,0.0,0.0,1.0,1.0,0.0
3095690,1.0,0.0,0.0,0.0,0.0,0.0,0.0,0.0,0.0,0.0
3595173,1.0,0.0,1.0,1.0,0.0,0.0,0.0,1.0,1.0,0.0
10971082,0.0,0.0,0.0,0.0,0.0,0.0,0.0,0.0,0.0,0.0
6767377,0.0,0.0,0.0,0.0,0.0,0.0,0.0,0.0,0.0,0.0
13375189,0.0,0.0,0.0,0.0,0.0,0.0,0.0,0.0,0.0,0.0
10149525,4.0,0.0,4.0,4.0,0.0,0.0,0.0,0.0,0.0,0.0
11086566,5.0,0.0,5.0,5.0,0.0,0.0,0.0,0.0,0.0,0.0
4534957,0.0,0.0,0.0,0.0,0.0,0.0,0.0,1.0,1.0,0.0
1605108,0.0,0.0,0.0,0.0,0.0,0.0,0.0,3.0,0.0,0.0
9478905,0.0,0.0,0.0,0.0,0.0,0.0,0.0,0.0,0.0,0.0
10657700,0.0,0.0,0.0,0.0,0.0,0.0,0.0,3.0,3.0,0.0
10057528,0.0,0.0,0.0,0.0,0.0,0.0,0.0,0.0,0.0,0.0
10683484,0.0,0.0,0.0,0.0,0.0,0.0,0.0,0.0,0.0,0.0
12353740,0.0,0.0,0.0,0.0,0.0,0.0,0.0,0.0,0.0,0.0
2477183,0.0,0.0,0.0,0.0,0.0,0.0,0.0,0.0,0.0,0.0
12774942,1.0,1.0,0.0,0.0,1.0,1.0,0.0,1.0,1.0,0.0
12114130,0.0,0.0,0.0,0.0,0.0,0.0,0.0,0.0,0.0,0.0
12176088,0.0,0.0,0.0,0.0,0.0,0.0,0.0,0.0,0.0,0.0
12418430,0.0,0.0,0.0,0.0,0.0,0.0,0.0,4.0,4.0,0.0
11058322,0.0,0.0,0.0,0.0,0.0,0.0,0.0,0.0,0.0,0.0
3665345,1.0,1.0,0.0,0.0,1.0,1.0,1.0,0.0,0.0,0.0
11329133,0.0,0.0,0.0,0.0,0.0,0.0,0.0,0.0,0.0,0.0
3501926,0.0,0.0,0.0,0.0,0.0,0.0,0.0,0.0,0.0,0.0
3311283,2.0,0.0,0.0,0.0,0.0,0.0,0.0,1.0,0.0,0.0
12249106,0.0,0.0,0.0,0.0,0.0,0.0,0.0,0.0,0.0,0.0
11987086,0.0,0.0,0.0,0.0,0.0,0.0,0.0,0.0,0.0,0.0
11054479,0.0,0.0,0.0,0.0,0.0,0.0,0.0,1.0,1.0,0.0
3263606,0.0,0.0,0.0,0.0,0.0,0.0,0.0,0.0,0.0,0.0
9735794,2.0,2.0,0.0,0.0,2.0,2.0,2.0,0.0,0.0,0.0
10374267,0.0,0.0,0.0,0.0,0.0,0.0,0.0,1.0,1.0,0.0
3863901,0.0,0.0,0.0,0.0,0.0,0.0,0.0,0.0,0.0,0.0
1400476,0.0,0.0,0.0,0.0,0.0,0.0,0.0,0.0,0.0,0.0
10571173,1.0,0.0,1.0,1.0,0.0,0.0,0.0,0.0,0.0,0.0
9923111,0.0,0.0,0.0,0.0,0.0,0.0,0.0,0.0,0.0,0.0
1566448,0.0,0.0,0.0,0.0,0.0,0.0,0.0,0.0,0.0,0.0
10983922,0.0,0.0,0.0,0.0,0.0,0.0,0.0,0.0,0.0,0.0
11240044,0.0,0.0,0.0,0.0,0.0,0.0,0.0,7.0,7.0,0.0
13357855,0.0,0.0,0.0,0.0,0.0,0.0,0.0,0.0,0.0,0.0
11012709,0.0,0.0,0.0,0.0,0.0,0.0,0.0,5.0,1.0,0.0
11048801,0.0,0.0,0.0,0.0,0.0,0.0,0.0,0.0,0.0,0.0
3775890,0.0,0.0,0.0,0.0,0.0,0.0,0.0,0.0,0.0,0.0
11249939,0.0,0.0,0.0,0.0,0.0,0.0,0.0,0.0,0.0,0.0
3020571,0.0,0.0,0.0,0.0,0.0,0.0,0.0,0.0,0.0,0.0
11849176,1.0,0.0,1.0,1.0,0.0,0.0,0.0,0.0,0.0,0.0
2927097,0.0,0.0,0.0,0.0,0.0,0.0,0.0,0.0,0.0,0.0
10490268,0.0,0.0,0.0,0.0,0.0,0.0,0.0,0.0,0.0,0.0
4030973,0.0,0.0,0.0,0.0,0.0,0.0,0.0,1.0,1.0,0.0
12914415,0.0,0.0,0.0,0.0,0.0,0.0,0.0,0.0,0.0,0.0
10735659,1.0,1.0,0.0,0.0,1.0,1.0,1.0,1.0,0.0,0.0
10021198,0.0,0.0,0.0,0.0,0.0,0.0,0.0,0.0,0.0,0.0
4238439,0.0,0.0,0.0,0.0,0.0,0.0,0.0,1.0,1.0,0.0
12553218,0.0,0.0,0.0,0.0,0.0,0.0,0.0,1.0,1.0,0.0
13109077,0.0,0.0,0.0,0.0,0.0,0.0,0.0,0.0,0.0,0.0
3901261,0.0,0.0,0.0,0.0,0.0,0.0,0.0,0.0,0.0,0.0
3309874,0.0,0.0,0.0,0.0,0.0,0.0,0.0,1.0,0.0,0.0
12856032,4.0,4.0,0.0,0.0,0.0,0.0,0.0,0.0,0.0,0.0
1785084,0.0,0.0,0.0,0.0,0.0,0.0,0.0,0.0,0.0,0.0
13354976,0.0,0.0,0.0,0.0,0.0,0.0,0.0,0.0,0.0,0.0
10784099,1.0,0.0,0.0,0.0,0.0,0.0,0.0,0.0,0.0,0.0
11375773,3.0,1.0,2.0,2.0,1.0,1.0,1.0,1.0,0.0,0.0
1996957,1.0,0.0,1.0,1.0,0.0,0.0,0.0,1.0,1.0,1.0
9855664,0.0,0.0,0.0,0.0,0.0,0.0,0.0,5.0,5.0,0.0
12010226,0.0,0.0,0.0,0.0,0.0,0.0,0.0,0.0,0.0,0.0
11245464,0.0,0.0,0.0,0.0,0.0,0.0,0.0,0.0,0.0,0.0
3791524,0.0,0.0,0.0,0.0,0.0,0.0,0.0,0.0,0.0,0.0
4316678,1.0,0.0,1.0,1.0,0.0,0.0,0.0,1.0,0.0,0.0
3318521,0.0,0.0,0.0,0.0,0.0,0.0,0.0,0.0,0.0,0.0
12304994,0.0,0.0,0.0,0.0,0.0,0.0,0.0,0.0,0.0,0.0
11545857,1.0,0.0,1.0,1.0,0.0,0.0,0.0,0.0,0.0,0.0
3883570,0.0,0.0,0.0,0.0,0.0,0.0,0.0,1.0,1.0,0.0
3692634,0.0,0.0,0.0,0.0,0.0,0.0,0.0,0.0,0.0,0.0
5375304,3.0,3.0,0.0,0.0,3.0,3.0,3.0,0.0,0.0,0.0
3186563,1.0,0.0,1.0,1.0,0.0,0.0,0.0,0.0,0.0,0.0
3161661,0.0,0.0,0.0,0.0,0.0,0.0,0.0,0.0,0.0,0.0
9804488,2.0,2.0,0.0,0.0,2.0,2.0,2.0,0.0,0.0,0.0
12807514,0.0,0.0,0.0,0.0,0.0,0.0,0.0,0.0,0.0,0.0
9888211,0.0,0.0,0.0,0.0,0.0,0.0,0.0,1.0,1.0,0.0
3048818,2.0,2.0,0.0,0.0,2.0,2.0,2.0,1.0,1.0,0.0
10646473,0.0,0.0,0.0,0.0,0.0,0.0,0.0,1.0,1.0,0.0
3179374,0.0,0.0,0.0,0.0,0.0,0.0,0.0,1.0,1.0,0.0
2570272,0.0,0.0,0.0,0.0,0.0,0.0,0.0,1.0,0.0,0.0
10088819,0.0,0.0,0.0,0.0,0.0,0.0,0.0,0.0,0.0,0.0
1517397,1.0,1.0,0.0,0.0,0.0,0.0,1.0,4.0,4.0,0.0
3951051,2.0,2.0,0.0,0.0,0.0,0.0,0.0,0.0,0.0,0.0
2922770,0.0,0.0,0.0,0.0,0.0,0.0,0.0,0.0,0.0,0.0
7112248,0.0,0.0,0.0,0.0,0.0,0.0,0.0,0.0,0.0,0.0
5506086,2.0,2.0,0.0,0.0,2.0,2.0,0.0,0.0,0.0,0.0
13191989,0.0,0.0,0.0,0.0,0.0,0.0,0.0,0.0,0.0,0.0
12937682,0.0,0.0,0.0,0.0,0.0,0.0,0.0,2.0,0.0,0.0
4017677,1.0,0.0,1.0,1.0,0.0,0.0,0.0,0.0,0.0,0.0
12571186,0.0,0.0,0.0,0.0,0.0,0.0,0.0,0.0,0.0,0.0
12023518,1.0,1.0,0.0,0.0,1.0,1.0,1.0,0.0,0.0,0.0
11501437,1.0,1.0,0.0,0.0,1.0,1.0,0.0,0.0,0.0,0.0
5578872,0.0,0.0,0.0,0.0,0.0,0.0,0.0,0.0,0.0,0.0
10285252,1.0,0.0,1.0,1.0,0.0,0.0,0.0,1.0,1.0,0.0
2850698,0.0,0.0,0.0,0.0,0.0,0.0,0.0,3.0,3.0,0.0
11207678,0.0,0.0,0.0,0.0,0.0,0.0,0.0,0.0,0.0,0.0
10521991,0.0,0.0,0.0,0.0,0.0,0.0,0.0,0.0,0.0,0.0
3309426,0.0,0.0,0.0,0.0,0.0,0.0,0.0,0.0,0.0,0.0
4002218,0.0,0.0,0.0,0.0,0.0,0.0,0.0,1.0,0.0,1.0
3526044,0.0,0.0,0.0,0.0,0.0,0.0,0.0,0.0,0.0,0.0
3695258,0.0,0.0,0.0,0.0,0.0,0.0,0.0,0.0,0.0,0.0
11853234,0.0,0.0,0.0,0.0,0.0,0.0,0.0,0.0,0.0,0.0
3762494,1.0,1.0,0.0,0.0,1.0,1.0,1.0,0.0,0.0,0.0
3222048,0.0,0.0,0.0,0.0,0.0,0.0,0.0,0.0,0.0,0.0
1458777,0.0,0.0,0.0,0.0,0.0,0.0,0.0,0.0,0.0,0.0
11531462,0.0,0.0,0.0,0.0,0.0,0.0,0.0,10.0,10.0,0.0
11801240,0.0,0.0,0.0,0.0,0.0,0.0,0.0,2.0,2.0,0.0
10040166,1.0,1.0,0.0,0.0,0.0,0.0,0.0,1.0,1.0,0.0
3463793,0.0,0.0,0.0,0.0,0.0,0.0,0.0,3.0,0.0,0.0
12087731,1.0,0.0,1.0,1.0,0.0,0.0,0.0,1.0,1.0,0.0
3090864,1.0,1.0,0.0,0.0,1.0,1.0,1.0,1.0,0.0,0.0
11534257,1.0,0.0,1.0,1.0,0.0,0.0,0.0,0.0,0.0,0.0
3237178,0.0,0.0,0.0,0.0,0.0,0.0,0.0,0.0,0.0,0.0
6313825,0.0,0.0,0.0,0.0,0.0,0.0,0.0,0.0,0.0,0.0
10238365,0.0,0.0,0.0,0.0,0.0,0.0,0.0,0.0,0.0,0.0
3241560,0.0,0.0,0.0,0.0,0.0,0.0,0.0,0.0,0.0,0.0
13030148,0.0,0.0,0.0,0.0,0.0,0.0,0.0,2.0,2.0,0.0
3893416,0.0,0.0,0.0,0.0,0.0,0.0,0.0,2.0,0.0,0.0
12593428,0.0,0.0,0.0,0.0,0.0,0.0,0.0,0.0,0.0,0.0
10905289,0.0,0.0,0.0,0.0,0.0,0.0,0.0,1.0,1.0,0.0
3598171,0.0,0.0,0.0,0.0,0.0,0.0,0.0,0.0,0.0,0.0
3114059,0.0,0.0,0.0,0.0,0.0,0.0,0.0,0.0,0.0,0.0
10302752,0.0,0.0,0.0,0.0,0.0,0.0,0.0,2.0,2.0,0.0
2760702,0.0,0.0,0.0,0.0,0.0,0.0,0.0,0.0,0.0,0.0
4343757,0.0,0.0,0.0,0.0,0.0,0.0,0.0,0.0,0.0,0.0
10605478,0.0,0.0,0.0,0.0,0.0,0.0,0.0,0.0,0.0,0.0
11338383,0.0,0.0,0.0,0.0,0.0,0.0,0.0,0.0,0.0,0.0
10265552,1.0,1.0,0.0,0.0,1.0,1.0,1.0,0.0,0.0,0.0
10935621,0.0,0.0,0.0,0.0,0.0,0.0,0.0,0.0,0.0,0.0
4185796,0.0,0.0,0.0,0.0,0.0,0.0,0.0,4.0,0.0,0.0
9798824,0.0,0.0,0.0,0.0,0.0,0.0,0.0,0.0,0.0,0.0
2485874,0.0,0.0,0.0,0.0,0.0,0.0,0.0,0.0,0.0,0.0
10617299,0.0,0.0,0.0,0.0,0.0,0.0,0.0,1.0,1.0,0.0
12945416,0.0,0.0,0.0,0.0,0.0,0.0,0.0,0.0,0.0,0.0
3041359,0.0,0.0,0.0,0.0,0.0,0.0,0.0,1.0,0.0,0.0
2793348,0.0,0.0,0.0,0.0,0.0,0.0,0.0,0.0,0.0,0.0
9104093,1.0,0.0,1.0,1.0,0.0,0.0,0.0,0.0,0.0,0.0
10756756,1.0,1.0,0.0,0.0,0.0,0.0,1.0,0.0,0.0,0.0
12139981,0.0,0.0,0.0,0.0,0.0,0.0,0.0,0.0,0.0,0.0
10933294,0.0,0.0,0.0,0.0,0.0,0.0,0.0,0.0,0.0,0.0
9824023,1.0,0.0,1.0,1.0,0.0,0.0,0.0,0.0,0.0,0.0
13270957,0.0,0.0,0.0,0.0,0.0,0.0,0.0,1.0,1.0,0.0
11312322,2.0,2.0,0.0,0.0,0.0,0.0,0.0,0.0,0.0,0.0
9874945,0.0,0.0,0.0,0.0,0.0,0.0,0.0,2.0,2.0,0.0
11131858,0.0,0.0,0.0,0.0,0.0,0.0,0.0,0.0,0.0,0.0
12975004,0.0,0.0,0.0,0.0,0.0,0.0,0.0,0.0,0.0,0.0
2299730,0.0,0.0,0.0,0.0,0.0,0.0,0.0,1.0,0.0,0.0
12543315,0.0,0.0,0.0,0.0,0.0,0.0,0.0,14.0,14.0,0.0
12763229,3.0,3.0,0.0,0.0,3.0,3.0,2.0,0.0,0.0,0.0
11001343,0.0,0.0,0.0,0.0,0.0,0.0,0.0,1.0,1.0,0.0
10206636,0.0,0.0,0.0,0.0,0.0,0.0,0.0,0.0,0.0,0.0
11264436,1.0,0.0,1.0,1.0,0.0,0.0,0.0,0.0,0.0,0.0
3569090,0.0,0.0,0.0,0.0,0.0,0.0,0.0,0.0,0.0,0.0
1143442,0.0,0.0,0.0,0.0,0.0,0.0,0.0,0.0,0.0,0.0
2745758,0.0,0.0,0.0,0.0,0.0,0.0,0.0,1.0,1.0,0.0
3144354,0.0,0.0,0.0,0.0,0.0,0.0,0.0,4.0,2.0,2.0
11902083,0.0,0.0,0.0,0.0,0.0,0.0,0.0,0.0,0.0,0.0
9731929,0.0,0.0,0.0,0.0,0.0,0.0,0.0,1.0,0.0,0.0
11146894,0.0,0.0,0.0,0.0,0.0,0.0,0.0,1.0,1.0,0.0
12287329,1.0,0.0,1.0,1.0,0.0,0.0,0.0,1.0,1.0,0.0
10268585,0.0,0.0,0.0,0.0,0.0,0.0,0.0,0.0,0.0,0.0
10277059,0.0,0.0,0.0,0.0,0.0,0.0,0.0,1.0,1.0,0.0
6107116,0.0,0.0,0.0,0.0,0.0,0.0,0.0,0.0,0.0,0.0
4567935,0.0,0.0,0.0,0.0,0.0,0.0,0.0,0.0,0.0,0.0
13361816,1.0,0.0,0.0,0.0,0.0,0.0,0.0,1.0,1.0,0.0
2112908,1.0,1.0,0.0,0.0,1.0,1.0,0.0,0.0,0.0,0.0
3362441,0.0,0.0,0.0,0.0,0.0,0.0,0.0,1.0,0.0,0.0
11095819,0.0,0.0,0.0,0.0,0.0,0.0,0.0,0.0,0.0,0.0
10178865,0.0,0.0,0.0,0.0,0.0,0.0,0.0,3.0,3.0,0.0
2621174,0.0,0.0,0.0,0.0,0.0,0.0,0.0,1.0,0.0,0.0
12470528,0.0,0.0,0.0,0.0,0.0,0.0,0.0,2.0,1.0,0.0
13389341,0.0,0.0,0.0,0.0,0.0,0.0,0.0,0.0,0.0,0.0
10604762,0.0,0.0,0.0,0.0,0.0,0.0,0.0,5.0,0.0,0.0
7252887,1.0,1.0,0.0,0.0,1.0,1.0,0.0,0.0,0.0,0.0
4408413,0.0,0.0,0.0,0.0,0.0,0.0,0.0,1.0,0.0,0.0
12034185,0.0,0.0,0.0,0.0,0.0,0.0,0.0,3.0,3.0,0.0
10421507,0.0,0.0,0.0,0.0,0.0,0.0,0.0,4.0,0.0,0.0
1108197,0.0,0.0,0.0,0.0,0.0,0.0,0.0,0.0,0.0,0.0
12244309,0.0,0.0,0.0,0.0,0.0,0.0,0.0,0.0,0.0,0.0
12961110,0.0,0.0,0.0,0.0,0.0,0.0,0.0,0.0,0.0,0.0
2473487,0.0,0.0,0.0,0.0,0.0,0.0,0.0,0.0,0.0,0.0
3352409,0.0,0.0,0.0,0.0,0.0,0.0,0.0,2.0,0.0,0.0
10866685,0.0,0.0,0.0,0.0,0.0,0.0,0.0,0.0,0.0,0.0
11605395,1.0,1.0,0.0,0.0,1.0,1.0,1.0,0.0,0.0,0.0
10794878,2.0,2.0,0.0,0.0,2.0,2.0,2.0,0.0,0.0,0.0
8820307,4.0,4.0,0.0,0.0,4.0,4.0,4.0,0.0,0.0,0.0
11725129,0.0,0.0,0.0,0.0,0.0,0.0,0.0,0.0,0.0,0.0
12324258,0.0,0.0,0.0,0.0,0.0,0.0,0.0,0.0,0.0,0.0
4032764,0.0,0.0,0.0,0.0,0.0,0.0,0.0,0.0,0.0,0.0
2878408,0.0,0.0,0.0,0.0,0.0,0.0,0.0,0.0,0.0,0.0
1234864,0.0,0.0,0.0,0.0,0.0,0.0,0.0,1.0,0.0,0.0
12324517,2.0,2.0,0.0,0.0,2.0,2.0,0.0,1.0,1.0,0.0
11089790,0.0,0.0,0.0,0.0,0.0,0.0,0.0,12.0,6.0,0.0
11519612,25.0,25.0,0.0,0.0,25.0,25.0,2.0,5.0,5.0,0.0
9847277,0.0,0.0,0.0,0.0,0.0,0.0,0.0,0.0,0.0,0.0
6890872,0.0,0.0,0.0,0.0,0.0,0.0,0.0,0.0,0.0,0.0
5832131,0.0,0.0,0.0,0.0,0.0,0.0,0.0,0.0,0.0,0.0
11049958,0.0,0.0,0.0,0.0,0.0,0.0,0.0,0.0,0.0,0.0
10892960,1.0,0.0,1.0,1.0,0.0,0.0,0.0,1.0,0.0,0.0
11333845,0.0,0.0,0.0,0.0,0.0,0.0,0.0,1.0,1.0,0.0
9480571,0.0,0.0,0.0,0.0,0.0,0.0,0.0,2.0,2.0,0.0
1119923,0.0,0.0,0.0,0.0,0.0,0.0,0.0,0.0,0.0,0.0
6415904,0.0,0.0,0.0,0.0,0.0,0.0,0.0,0.0,0.0,0.0
10183957,0.0,0.0,0.0,0.0,0.0,0.0,0.0,1.0,1.0,0.0
11896869,0.0,0.0,0.0,0.0,0.0,0.0,0.0,0.0,0.0,0.0
9830782,0.0,0.0,0.0,0.0,0.0,0.0,0.0,0.0,0.0,0.0
12386740,0.0,0.0,0.0,0.0,0.0,0.0,0.0,0.0,0.0,0.0
12729974,0.0,0.0,0.0,0.0,0.0,0.0,0.0,2.0,2.0,0.0
3769493,0.0,0.0,0.0,0.0,0.0,0.0,0.0,2.0,2.0,0.0
2762218,0.0,0.0,0.0,0.0,0.0,0.0,0.0,2.0,0.0,0.0
11870152,0.0,0.0,0.0,0.0,0.0,0.0,0.0,0.0,0.0,0.0
10426788,0.0,0.0,0.0,0.0,0.0,0.0,0.0,0.0,0.0,0.0
12470141,1.0,1.0,0.0,0.0,1.0,1.0,0.0,0.0,0.0,0.0
1652441,2.0,0.0,2.0,2.0,0.0,0.0,0.0,1.0,0.0,0.0
9951924,0.0,0.0,0.0,0.0,0.0,0.0,0.0,2.0,0.0,0.0
3572493,0.0,0.0,0.0,0.0,0.0,0.0,0.0,0.0,0.0,0.0
11268668,0.0,0.0,0.0,0.0,0.0,0.0,0.0,1.0,1.0,0.0
12350102,0.0,0.0,0.0,0.0,0.0,0.0,0.0,0.0,0.0,0.0
12080319,0.0,0.0,0.0,0.0,0.0,0.0,0.0,0.0,0.0,0.0
13323684,0.0,0.0,0.0,0.0,0.0,0.0,0.0,1.0,1.0,0.0
5674856,0.0,0.0,0.0,0.0,0.0,0.0,0.0,1.0,0.0,0.0
11247931,0.0,0.0,0.0,0.0,0.0,0.0,0.0,3.0,3.0,0.0
10392983,1.0,1.0,0.0,0.0,0.0,0.0,0.0,0.0,0.0,0.0
12484165,0.0,0.0,0.0,0.0,0.0,0.0,0.0,0.0,0.0,0.0
13212437,0.0,0.0,0.0,0.0,0.0,0.0,0.0,0.0,0.0,0.0
3368875,0.0,0.0,0.0,0.0,0.0,0.0,0.0,2.0,2.0,0.0
3288830,0.0,0.0,0.0,0.0,0.0,0.0,0.0,0.0,0.0,0.0
12676522,0.0,0.0,0.0,0.0,0.0,0.0,0.0,1.0,1.0,0.0
11558485,0.0,0.0,0.0,0.0,0.0,0.0,0.0,0.0,0.0,0.0
9772792,1.0,1.0,0.0,0.0,0.0,0.0,0.0,0.0,0.0,0.0
12299075,0.0,0.0,0.0,0.0,0.0,0.0,0.0,0.0,0.0,0.0
10389778,0.0,0.0,0.0,0.0,0.0,0.0,0.0,0.0,0.0,0.0
6273344,5.0,5.0,0.0,0.0,5.0,5.0,5.0,0.0,0.0,0.0
4268164,0.0,0.0,0.0,0.0,0.0,0.0,0.0,0.0,0.0,0.0
7845282,0.0,0.0,0.0,0.0,0.0,0.0,0.0,0.0,0.0,0.0
11323260,0.0,0.0,0.0,0.0,0.0,0.0,0.0,2.0,2.0,0.0
5563602,5.0,0.0,5.0,5.0,0.0,0.0,0.0,1.0,1.0,0.0
11230892,0.0,0.0,0.0,0.0,0.0,0.0,0.0,1.0,1.0,0.0
10915763,0.0,0.0,0.0,0.0,0.0,0.0,0.0,2.0,1.0,0.0
11957302,0.0,0.0,0.0,0.0,0.0,0.0,0.0,0.0,0.0,0.0
2816404,0.0,0.0,0.0,0.0,0.0,0.0,0.0,0.0,0.0,0.0
12921618,0.0,0.0,0.0,0.0,0.0,0.0,0.0,2.0,2.0,1.0
10380813,0.0,0.0,0.0,0.0,0.0,0.0,0.0,0.0,0.0,0.0
9947923,0.0,0.0,0.0,0.0,0.0,0.0,0.0,0.0,0.0,0.0
7605712,0.0,0.0,0.0,0.0,0.0,0.0,0.0,2.0,0.0,0.0
3903850,0.0,0.0,0.0,0.0,0.0,0.0,0.0,16.0,13.0,0.0
10703559,2.0,2.0,0.0,0.0,1.0,1.0,0.0,0.0,0.0,0.0
3507013,0.0,0.0,0.0,0.0,0.0,0.0,0.0,0.0,0.0,0.0
2538056,0.0,0.0,0.0,0.0,0.0,0.0,0.0,0.0,0.0,0.0
1775948,0.0,0.0,0.0,0.0,0.0,0.0,0.0,0.0,0.0,0.0
3529532,0.0,0.0,0.0,0.0,0.0,0.0,0.0,0.0,0.0,0.0
3959765,0.0,0.0,0.0,0.0,0.0,0.0,0.0,0.0,0.0,0.0
12310185,0.0,0.0,0.0,0.0,0.0,0.0,0.0,1.0,1.0,0.0
12421885,0.0,0.0,0.0,0.0,0.0,0.0,0.0,0.0,0.0,0.0
12612786,0.0,0.0,0.0,0.0,0.0,0.0,0.0,0.0,0.0,0.0
4232685,0.0,0.0,0.0,0.0,0.0,0.0,0.0,0.0,0.0,0.0
9465230,0.0,0.0,0.0,0.0,0.0,0.0,0.0,0.0,0.0,0.0
3136929,1.0,1.0,0.0,0.0,1.0,1.0,0.0,0.0,0.0,0.0
3615048,2.0,2.0,0.0,0.0,2.0,2.0,0.0,0.0,0.0,0.0
4327943,0.0,0.0,0.0,0.0,0.0,0.0,0.0,0.0,0.0,0.0
6169874,0.0,0.0,0.0,0.0,0.0,0.0,0.0,0.0,0.0,0.0
2887871,2.0,0.0,2.0,2.0,0.0,0.0,0.0,1.0,1.0,0.0
12101104,0.0,0.0,0.0,0.0,0.0,0.0,0.0,0.0,0.0,0.0
10988646,0.0,0.0,0.0,0.0,0.0,0.0,0.0,0.0,0.0,0.0
13210812,0.0,0.0,0.0,0.0,0.0,0.0,0.0,1.0,1.0,0.0
3292407,0.0,0.0,0.0,0.0,0.0,0.0,0.0,1.0,0.0,0.0
3716660,0.0,0.0,0.0,0.0,0.0,0.0,0.0,0.0,0.0,0.0
4554407,0.0,0.0,0.0,0.0,0.0,0.0,0.0,1.0,0.0,0.0
3334995,0.0,0.0,0.0,0.0,0.0,0.0,0.0,7.0,7.0,0.0
11322149,0.0,0.0,0.0,0.0,0.0,0.0,0.0,0.0,0.0,0.0
10032345,0.0,0.0,0.0,0.0,0.0,0.0,0.0,1.0,1.0,0.0
6032442,0.0,0.0,0.0,0.0,0.0,0.0,0.0,2.0,0.0,0.0
10192269,0.0,0.0,0.0,0.0,0.0,0.0,0.0,0.0,0.0,0.0
11237069,0.0,0.0,0.0,0.0,0.0,0.0,0.0,1.0,1.0,0.0
2212942,1.0,0.0,1.0,1.0,0.0,0.0,0.0,0.0,0.0,0.0
13104379,2.0,2.0,0.0,0.0,0.0,0.0,0.0,0.0,0.0,0.0
4038585,0.0,0.0,0.0,0.0,0.0,0.0,0.0,0.0,0.0,0.0
12029212,0.0,0.0,0.0,0.0,0.0,0.0,0.0,1.0,1.0,0.0
1754389,0.0,0.0,0.0,0.0,0.0,0.0,0.0,0.0,0.0,0.0
11194226,0.0,0.0,0.0,0.0,0.0,0.0,0.0,2.0,2.0,0.0
1197968,0.0,0.0,0.0,0.0,0.0,0.0,0.0,1.0,1.0,0.0
8439712,0.0,0.0,0.0,0.0,0.0,0.0,0.0,1.0,1.0,0.0
4620051,0.0,0.0,0.0,0.0,0.0,0.0,0.0,1.0,0.0,0.0
10163551,2.0,0.0,2.0,2.0,0.0,0.0,0.0,0.0,0.0,0.0
7392158,0.0,0.0,0.0,0.0,0.0,0.0,0.0,0.0,0.0,0.0
11981421,0.0,0.0,0.0,0.0,0.0,0.0,0.0,1.0,1.0,0.0
1849872,0.0,0.0,0.0,0.0,0.0,0.0,0.0,0.0,0.0,0.0
11707859,0.0,0.0,0.0,0.0,0.0,0.0,0.0,0.0,0.0,0.0
11409713,0.0,0.0,0.0,0.0,0.0,0.0,0.0,0.0,0.0,0.0
3847094,0.0,0.0,0.0,0.0,0.0,0.0,0.0,1.0,0.0,0.0
13368898,0.0,0.0,0.0,0.0,0.0,0.0,0.0,0.0,0.0,0.0
10022496,0.0,0.0,0.0,0.0,0.0,0.0,0.0,4.0,4.0,0.0
6632104,0.0,0.0,0.0,0.0,0.0,0.0,0.0,2.0,0.0,2.0
5491829,0.0,0.0,0.0,0.0,0.0,0.0,0.0,0.0,0.0,0.0
12499393,1.0,1.0,0.0,0.0,1.0,1.0,1.0,0.0,0.0,0.0
10087963,0.0,0.0,0.0,0.0,0.0,0.0,0.0,1.0,1.0,0.0
11333673,0.0,0.0,0.0,0.0,0.0,0.0,0.0,1.0,0.0,0.0
1157199,0.0,0.0,0.0,0.0,0.0,0.0,0.0,2.0,1.0,0.0
3150909,0.0,0.0,0.0,0.0,0.0,0.0,0.0,0.0,0.0,0.0
4385479,0.0,0.0,0.0,0.0,0.0,0.0,0.0,0.0,0.0,0.0
12043562,0.0,0.0,0.0,0.0,0.0,0.0,0.0,0.0,0.0,0.0
11908749,0.0,0.0,0.0,0.0,0.0,0.0,0.0,3.0,0.0,0.0
12432860,0.0,0.0,0.0,0.0,0.0,0.0,0.0,1.0,1.0,3.0
11662148,0.0,0.0,0.0,0.0,0.0,0.0,0.0,0.0,0.0,0.0
1792838,0.0,0.0,0.0,0.0,0.0,0.0,0.0,1.0,1.0,0.0
4411923,0.0,0.0,0.0,0.0,0.0,0.0,0.0,2.0,2.0,1.0
9931046,0.0,0.0,0.0,0.0,0.0,0.0,0.0,0.0,0.0,0.0
11613301,0.0,0.0,0.0,0.0,0.0,0.0,0.0,1.0,1.0,0.0
11060577,0.0,0.0,0.0,0.0,0.0,0.0,0.0,0.0,0.0,0.0
2813632,0.0,0.0,0.0,0.0,0.0,0.0,0.0,1.0,1.0,0.0
11407316,0.0,0.0,0.0,0.0,0.0,0.0,0.0,0.0,0.0,0.0
12088667,0.0,0.0,0.0,0.0,0.0,0.0,0.0,0.0,0.0,0.0
2182166,2.0,0.0,2.0,2.0,0.0,0.0,0.0,1.0,0.0,0.0
10530502,0.0,0.0,0.0,0.0,0.0,0.0,0.0,0.0,0.0,0.0
6268359,0.0,0.0,0.0,0.0,0.0,0.0,0.0,2.0,2.0,0.0
1961426,0.0,0.0,0.0,0.0,0.0,0.0,0.0,1.0,0.0,0.0
11571134,0.0,0.0,0.0,0.0,0.0,0.0,0.0,3.0,3.0,0.0
9884020,0.0,0.0,0.0,0.0,0.0,0.0,0.0,0.0,0.0,0.0
9885201,0.0,0.0,0.0,0.0,0.0,0.0,0.0,1.0,1.0,0.0
10093872,0.0,0.0,0.0,0.0,0.0,0.0,0.0,0.0,0.0,0.0
12275301,1.0,0.0,1.0,1.0,0.0,0.0,0.0,0.0,0.0,0.0
6847533,0.0,0.0,0.0,0.0,0.0,0.0,0.0,0.0,0.0,0.0
3508043,0.0,0.0,0.0,0.0,0.0,0.0,0.0,0.0,0.0,0.0
11526226,0.0,0.0,0.0,0.0,0.0,0.0,0.0,0.0,0.0,0.0
12063471,0.0,0.0,0.0,0.0,0.0,0.0,0.0,0.0,0.0,0.0
11347973,0.0,0.0,0.0,0.0,0.0,0.0,0.0,0.0,0.0,0.0
11687366,3.0,0.0,3.0,3.0,0.0,0.0,0.0,1.0,1.0,0.0
10266672,0.0,0.0,0.0,0.0,0.0,0.0,0.0,0.0,0.0,0.0
10806677,2.0,2.0,0.0,0.0,2.0,2.0,2.0,5.0,5.0,0.0
8296781,0.0,0.0,0.0,0.0,0.0,0.0,0.0,0.0,0.0,0.0
10142019,0.0,0.0,0.0,0.0,0.0,0.0,0.0,1.0,1.0,0.0
13049920,0.0,0.0,0.0,0.0,0.0,0.0,0.0,1.0,1.0,0.0
10351662,2.0,0.0,2.0,2.0,0.0,0.0,0.0,2.0,1.0,1.0
12553555,0.0,0.0,0.0,0.0,0.0,0.0,0.0,1.0,1.0,0.0
11238978,1.0,1.0,0.0,0.0,1.0,1.0,0.0,0.0,0.0,0.0
3921542,1.0,0.0,1.0,1.0,0.0,0.0,0.0,2.0,0.0,0.0
12067741,1.0,1.0,0.0,0.0,0.0,0.0,0.0,0.0,0.0,0.0
11607497,1.0,1.0,0.0,0.0,1.0,1.0,0.0,3.0,3.0,0.0
12135832,0.0,0.0,0.0,0.0,0.0,0.0,0.0,1.0,1.0,0.0
4559164,1.0,1.0,0.0,0.0,0.0,0.0,1.0,0.0,0.0,0.0
3872317,2.0,2.0,0.0,0.0,2.0,2.0,2.0,1.0,0.0,0.0
12334333,0.0,0.0,0.0,0.0,0.0,0.0,0.0,1.0,1.0,0.0
1541474,0.0,0.0,0.0,0.0,0.0,0.0,0.0,0.0,0.0,0.0
11552074,1.0,1.0,0.0,0.0,0.0,0.0,0.0,1.0,1.0,0.0
2766211,0.0,0.0,0.0,0.0,0.0,0.0,0.0,1.0,0.0,0.0
11434859,0.0,0.0,0.0,0.0,0.0,0.0,0.0,1.0,1.0,0.0
6740928,0.0,0.0,0.0,0.0,0.0,0.0,0.0,1.0,1.0,0.0
8719639,2.0,1.0,0.0,0.0,1.0,1.0,0.0,2.0,1.0,0.0
13038272,0.0,0.0,0.0,0.0,0.0,0.0,0.0,0.0,0.0,0.0
12174275,0.0,0.0,0.0,0.0,0.0,0.0,0.0,0.0,0.0,0.0
5873295,1.0,0.0,1.0,1.0,0.0,0.0,0.0,0.0,0.0,2.0
12693866,3.0,3.0,0.0,0.0,0.0,0.0,3.0,0.0,0.0,0.0
10348818,0.0,0.0,0.0,0.0,0.0,0.0,0.0,2.0,1.0,0.0
5263073,0.0,0.0,0.0,0.0,0.0,0.0,0.0,1.0,0.0,0.0
4965798,0.0,0.0,0.0,0.0,0.0,0.0,0.0,0.0,0.0,0.0
10950429,0.0,0.0,0.0,0.0,0.0,0.0,0.0,1.0,1.0,0.0
10477058,0.0,0.0,0.0,0.0,0.0,0.0,0.0,0.0,0.0,0.0
12299231,0.0,0.0,0.0,0.0,0.0,0.0,0.0,2.0,2.0,0.0
10262455,1.0,1.0,0.0,0.0,1.0,1.0,1.0,0.0,0.0,0.0
2671834,0.0,0.0,0.0,0.0,0.0,0.0,0.0,0.0,0.0,0.0
5268446,2.0,2.0,0.0,0.0,2.0,2.0,2.0,0.0,0.0,0.0
7264633,0.0,0.0,0.0,0.0,0.0,0.0,0.0,0.0,0.0,0.0
10844996,1.0,0.0,1.0,1.0,0.0,0.0,0.0,0.0,0.0,0.0
11620704,0.0,0.0,0.0,0.0,0.0,0.0,0.0,0.0,0.0,0.0
12026099,0.0,0.0,0.0,0.0,0.0,0.0,0.0,2.0,2.0,0.0
11866183,0.0,0.0,0.0,0.0,0.0,0.0,0.0,1.0,1.0,0.0
11345019,1.0,1.0,0.0,0.0,1.0,1.0,0.0,0.0,0.0,0.0
2567129,2.0,1.0,1.0,1.0,1.0,1.0,0.0,1.0,0.0,1.0
10706799,0.0,0.0,0.0,0.0,0.0,0.0,0.0,0.0,0.0,0.0
10618782,0.0,0.0,0.0,0.0,0.0,0.0,0.0,3.0,2.0,0.0
3192323,0.0,0.0,0.0,0.0,0.0,0.0,0.0,0.0,0.0,0.0
4146248,3.0,3.0,0.0,0.0,0.0,0.0,3.0,0.0,0.0,0.0
11618660,0.0,0.0,0.0,0.0,0.0,0.0,0.0,0.0,0.0,0.0
3730642,2.0,1.0,0.0,0.0,1.0,1.0,1.0,0.0,0.0,0.0
10876635,2.0,2.0,0.0,0.0,2.0,2.0,0.0,0.0,0.0,0.0
12783185,0.0,0.0,0.0,0.0,0.0,0.0,0.0,0.0,0.0,0.0
10607155,0.0,0.0,0.0,0.0,0.0,0.0,0.0,0.0,0.0,0.0
3093704,1.0,0.0,1.0,1.0,0.0,0.0,0.0,0.0,0.0,0.0
3300498,0.0,0.0,0.0,0.0,0.0,0.0,0.0,3.0,1.0,0.0
6976969,0.0,0.0,0.0,0.0,0.0,0.0,0.0,0.0,0.0,0.0
12016301,3.0,1.0,2.0,2.0,0.0,0.0,0.0,1.0,1.0,0.0
9979343,0.0,0.0,0.0,0.0,0.0,0.0,0.0,0.0,0.0,0.0
3094986,0.0,0.0,0.0,0.0,0.0,0.0,0.0,0.0,0.0,0.0
8819361,0.0,0.0,0.0,0.0,0.0,0.0,0.0,0.0,0.0,0.0
11159115,0.0,0.0,0.0,0.0,0.0,0.0,0.0,3.0,3.0,0.0
11934101,3.0,0.0,1.0,1.0,0.0,0.0,0.0,2.0,2.0,0.0
3641352,0.0,0.0,0.0,0.0,0.0,0.0,0.0,0.0,0.0,0.0
4152484,0.0,0.0,0.0,0.0,0.0,0.0,0.0,1.0,0.0,0.0
11166521,0.0,0.0,0.0,0.0,0.0,0.0,0.0,1.0,1.0,0.0
4533298,0.0,0.0,0.0,0.0,0.0,0.0,0.0,0.0,0.0,0.0
11393950,0.0,0.0,0.0,0.0,0.0,0.0,0.0,1.0,1.0,0.0
3021099,0.0,0.0,0.0,0.0,0.0,0.0,0.0,2.0,0.0,1.0
9782697,0.0,0.0,0.0,0.0,0.0,0.0,0.0,0.0,0.0,0.0
12639984,1.0,0.0,1.0,1.0,0.0,0.0,0.0,3.0,3.0,0.0
13420831,0.0,0.0,0.0,0.0,0.0,0.0,0.0,0.0,0.0,0.0
4236223,0.0,0.0,0.0,0.0,0.0,0.0,0.0,0.0,0.0,0.0
3793854,0.0,0.0,0.0,0.0,0.0,0.0,0.0,1.0,0.0,0.0
4207467,0.0,0.0,0.0,0.0,0.0,0.0,0.0,1.0,0.0,0.0
3789640,0.0,0.0,0.0,0.0,0.0,0.0,0.0,0.0,0.0,0.0
4150011,0.0,0.0,0.0,0.0,0.0,0.0,0.0,1.0,0.0,0.0
2580266,0.0,0.0,0.0,0.0,0.0,0.0,0.0,0.0,0.0,0.0
4339029,1.0,0.0,1.0,1.0,0.0,0.0,0.0,2.0,1.0,1.0
3733666,0.0,0.0,0.0,0.0,0.0,0.0,0.0,0.0,0.0,0.0
4636896,0.0,0.0,0.0,0.0,0.0,0.0,0.0,0.0,0.0,0.0
11392904,3.0,0.0,3.0,3.0,0.0,0.0,0.0,0.0,0.0,0.0
12005663,0.0,0.0,0.0,0.0,0.0,0.0,0.0,0.0,0.0,0.0
11584475,1.0,0.0,1.0,1.0,0.0,0.0,0.0,0.0,0.0,0.0
1506129,0.0,0.0,0.0,0.0,0.0,0.0,0.0,4.0,0.0,0.0
3706690,0.0,0.0,0.0,0.0,0.0,0.0,0.0,0.0,0.0,0.0
13120535,2.0,0.0,2.0,2.0,0.0,0.0,0.0,0.0,0.0,0.0
3110922,2.0,2.0,0.0,0.0,2.0,2.0,0.0,1.0,0.0,0.0
10932186,0.0,0.0,0.0,0.0,0.0,0.0,0.0,2.0,2.0,0.0
3151530,0.0,0.0,0.0,0.0,0.0,0.0,0.0,0.0,0.0,0.0
6135244,1.0,1.0,0.0,0.0,0.0,0.0,1.0,0.0,0.0,0.0
10431711,0.0,0.0,0.0,0.0,0.0,0.0,0.0,0.0,0.0,0.0
3654625,0.0,0.0,0.0,0.0,0.0,0.0,0.0,3.0,0.0,0.0
4315742,0.0,0.0,0.0,0.0,0.0,0.0,0.0,0.0,0.0,0.0
10430384,1.0,1.0,0.0,0.0,1.0,1.0,1.0,0.0,0.0,0.0
8886916,0.0,0.0,0.0,0.0,0.0,0.0,0.0,0.0,0.0,0.0
3929001,11.0,5.0,6.0,6.0,5.0,5.0,5.0,4.0,0.0,0.0
3048785,0.0,0.0,0.0,0.0,0.0,0.0,0.0,1.0,0.0,0.0
3591746,0.0,0.0,0.0,0.0,0.0,0.0,0.0,0.0,0.0,0.0
5263816,0.0,0.0,0.0,0.0,0.0,0.0,0.0,0.0,0.0,0.0
12451666,34.0,0.0,34.0,34.0,0.0,0.0,0.0,0.0,0.0,0.0
3876892,0.0,0.0,0.0,0.0,0.0,0.0,0.0,0.0,0.0,0.0
3206509,2.0,1.0,0.0,0.0,0.0,0.0,0.0,3.0,1.0,0.0
10312691,0.0,0.0,0.0,0.0,0.0,0.0,0.0,1.0,1.0,0.0
3071765,0.0,0.0,0.0,0.0,0.0,0.0,0.0,1.0,1.0,0.0
12161436,3.0,3.0,0.0,0.0,3.0,3.0,0.0,1.0,1.0,0.0
4581883,0.0,0.0,0.0,0.0,0.0,0.0,0.0,0.0,0.0,0.0
5449345,0.0,0.0,0.0,0.0,0.0,0.0,0.0,0.0,0.0,0.0
11953092,0.0,0.0,0.0,0.0,0.0,0.0,0.0,1.0,1.0,0.0
10939953,0.0,0.0,0.0,0.0,0.0,0.0,0.0,0.0,0.0,0.0
12138193,1.0,0.0,0.0,0.0,0.0,0.0,0.0,0.0,0.0,0.0
12282057,0.0,0.0,0.0,0.0,0.0,0.0,0.0,2.0,2.0,0.0
1152236,0.0,0.0,0.0,0.0,0.0,0.0,0.0,1.0,0.0,0.0
12852481,0.0,0.0,0.0,0.0,0.0,0.0,0.0,1.0,1.0,0.0
11094612,0.0,0.0,0.0,0.0,0.0,0.0,0.0,0.0,0.0,0.0
4835406,0.0,0.0,0.0,0.0,0.0,0.0,0.0,0.0,0.0,0.0
3988770,0.0,0.0,0.0,0.0,0.0,0.0,0.0,2.0,0.0,0.0
13271729,0.0,0.0,0.0,0.0,0.0,0.0,0.0,0.0,0.0,0.0
12633486,0.0,0.0,0.0,0.0,0.0,0.0,0.0,0.0,0.0,0.0
1433947,0.0,0.0,0.0,0.0,0.0,0.0,0.0,6.0,0.0,0.0
1873929,0.0,0.0,0.0,0.0,0.0,0.0,0.0,1.0,0.0,0.0
9691269,0.0,0.0,0.0,0.0,0.0,0.0,0.0,0.0,0.0,0.0
11603844,0.0,0.0,0.0,0.0,0.0,0.0,0.0,0.0,0.0,0.0
3766933,0.0,0.0,0.0,0.0,0.0,0.0,0.0,1.0,0.0,0.0
4195063,0.0,0.0,0.0,0.0,0.0,0.0,0.0,0.0,0.0,0.0
4059215,3.0,0.0,3.0,3.0,0.0,0.0,0.0,8.0,0.0,0.0
11675733,0.0,0.0,0.0,0.0,0.0,0.0,0.0,2.0,2.0,0.0
12322256,0.0,0.0,0.0,0.0,0.0,0.0,0.0,0.0,0.0,0.0
10483310,1.0,1.0,0.0,0.0,0.0,0.0,1.0,2.0,2.0,0.0
3028575,1.0,1.0,0.0,0.0,1.0,1.0,1.0,0.0,0.0,0.0
4022588,0.0,0.0,0.0,0.0,0.0,0.0,0.0,0.0,0.0,0.0
4346392,0.0,0.0,0.0,0.0,0.0,0.0,0.0,0.0,0.0,0.0
1878121,2.0,2.0,0.0,0.0,2.0,2.0,2.0,0.0,0.0,0.0
2742716,0.0,0.0,0.0,0.0,0.0,0.0,0.0,0.0,0.0,0.0
12161905,1.0,1.0,0.0,0.0,0.0,0.0,1.0,0.0,0.0,0.0
2645613,3.0,3.0,0.0,0.0,3.0,3.0,3.0,0.0,0.0,0.0
2013219,1.0,1.0,0.0,0.0,1.0,1.0,0.0,1.0,0.0,0.0
10335969,0.0,0.0,0.0,0.0,0.0,0.0,0.0,2.0,2.0,0.0
2889505,1.0,1.0,0.0,0.0,0.0,0.0,0.0,0.0,0.0,0.0
3554808,0.0,0.0,0.0,0.0,0.0,0.0,0.0,1.0,0.0,0.0
12399280,1.0,1.0,0.0,0.0,0.0,0.0,0.0,0.0,0.0,0.0
11608868,0.0,0.0,0.0,0.0,0.0,0.0,0.0,1.0,1.0,0.0
3185816,0.0,0.0,0.0,0.0,0.0,0.0,0.0,1.0,0.0,0.0
5555328,0.0,0.0,0.0,0.0,0.0,0.0,0.0,0.0,0.0,0.0
12149698,0.0,0.0,0.0,0.0,0.0,0.0,0.0,0.0,0.0,0.0
3803676,0.0,0.0,0.0,0.0,0.0,0.0,0.0,0.0,0.0,0.0
2176815,0.0,0.0,0.0,0.0,0.0,0.0,0.0,2.0,1.0,1.0
9802014,3.0,3.0,0.0,0.0,3.0,3.0,3.0,0.0,0.0,0.0
3605643,0.0,0.0,0.0,0.0,0.0,0.0,0.0,1.0,0.0,0.0
9567038,0.0,0.0,0.0,0.0,0.0,0.0,0.0,1.0,1.0,0.0
10828135,0.0,0.0,0.0,0.0,0.0,0.0,0.0,0.0,0.0,0.0
13250508,0.0,0.0,0.0,0.0,0.0,0.0,0.0,1.0,1.0,0.0
4057731,0.0,0.0,0.0,0.0,0.0,0.0,0.0,0.0,0.0,0.0
10110637,0.0,0.0,0.0,0.0,0.0,0.0,0.0,0.0,0.0,0.0
4358780,0.0,0.0,0.0,0.0,0.0,0.0,0.0,0.0,0.0,0.0
4018637,1.0,1.0,0.0,0.0,1.0,1.0,0.0,2.0,0.0,0.0
1423983,0.0,0.0,0.0,0.0,0.0,0.0,0.0,2.0,1.0,0.0
11027677,0.0,0.0,0.0,0.0,0.0,0.0,0.0,2.0,2.0,0.0
11320511,0.0,0.0,0.0,0.0,0.0,0.0,0.0,0.0,0.0,0.0
12502854,0.0,0.0,0.0,0.0,0.0,0.0,0.0,1.0,1.0,0.0
10647136,0.0,0.0,0.0,0.0,0.0,0.0,0.0,3.0,3.0,0.0
4105626,0.0,0.0,0.0,0.0,0.0,0.0,0.0,0.0,0.0,0.0
11713370,2.0,0.0,2.0,2.0,0.0,0.0,0.0,0.0,0.0,0.0
12846157,0.0,0.0,0.0,0.0,0.0,0.0,0.0,0.0,0.0,0.0
4406098,1.0,0.0,0.0,0.0,0.0,0.0,0.0,0.0,0.0,0.0
9670234,0.0,0.0,0.0,0.0,0.0,0.0,0.0,0.0,0.0,0.0
10487323,0.0,0.0,0.0,0.0,0.0,0.0,0.0,0.0,0.0,0.0
10655057,1.0,0.0,1.0,1.0,0.0,0.0,0.0,0.0,0.0,0.0
1483243,0.0,0.0,0.0,0.0,0.0,0.0,0.0,0.0,0.0,0.0
11771615,0.0,0.0,0.0,0.0,0.0,0.0,0.0,2.0,0.0,0.0
10243119,0.0,0.0,0.0,0.0,0.0,0.0,0.0,4.0,0.0,0.0
1373523,0.0,0.0,0.0,0.0,0.0,0.0,0.0,0.0,0.0,0.0
11742074,0.0,0.0,0.0,0.0,0.0,0.0,0.0,0.0,0.0,0.0
3603938,0.0,0.0,0.0,0.0,0.0,0.0,0.0,0.0,0.0,0.0
11124794,1.0,0.0,1.0,1.0,0.0,0.0,0.0,0.0,0.0,0.0
12911107,0.0,0.0,0.0,0.0,0.0,0.0,0.0,0.0,0.0,0.0
11577327,3.0,3.0,0.0,0.0,3.0,3.0,3.0,1.0,1.0,0.0
3402978,1.0,0.0,1.0,1.0,0.0,0.0,0.0,0.0,0.0,0.0
9506787,0.0,0.0,0.0,0.0,0.0,0.0,0.0,5.0,5.0,0.0
12113103,0.0,0.0,0.0,0.0,0.0,0.0,0.0,0.0,0.0,0.0
12152974,0.0,0.0,0.0,0.0,0.0,0.0,0.0,0.0,0.0,0.0
12534959,1.0,1.0,0.0,0.0,0.0,0.0,1.0,0.0,0.0,0.0
2887865,0.0,0.0,0.0,0.0,0.0,0.0,0.0,1.0,1.0,0.0
5964386,0.0,0.0,0.0,0.0,0.0,0.0,0.0,0.0,0.0,0.0
12716456,0.0,0.0,0.0,0.0,0.0,0.0,0.0,6.0,6.0,0.0
12646694,0.0,0.0,0.0,0.0,0.0,0.0,0.0,3.0,3.0,0.0
13131628,2.0,2.0,0.0,0.0,2.0,2.0,2.0,0.0,0.0,0.0
12860867,0.0,0.0,0.0,0.0,0.0,0.0,0.0,0.0,0.0,0.0
10002271,0.0,0.0,0.0,0.0,0.0,0.0,0.0,0.0,0.0,0.0
10393509,0.0,0.0,0.0,0.0,0.0,0.0,0.0,1.0,1.0,0.0
1929313,1.0,0.0,1.0,1.0,0.0,0.0,0.0,0.0,0.0,0.0
11849319,0.0,0.0,0.0,0.0,0.0,0.0,0.0,0.0,0.0,0.0
3040388,0.0,0.0,0.0,0.0,0.0,0.0,0.0,7.0,7.0,0.0
1325665,0.0,0.0,0.0,0.0,0.0,0.0,0.0,0.0,0.0,0.0
10237793,0.0,0.0,0.0,0.0,0.0,0.0,0.0,0.0,0.0,0.0
11739114,0.0,0.0,0.0,0.0,0.0,0.0,0.0,1.0,1.0,0.0
3704754,1.0,1.0,0.0,0.0,1.0,1.0,0.0,1.0,0.0,0.0
3312334,1.0,1.0,0.0,0.0,1.0,1.0,0.0,0.0,0.0,0.0
3490759,0.0,0.0,0.0,0.0,0.0,0.0,0.0,0.0,0.0,0.0
3894373,0.0,0.0,0.0,0.0,0.0,0.0,0.0,0.0,0.0,0.0
10879059,0.0,0.0,0.0,0.0,0.0,0.0,0.0,2.0,2.0,0.0
3185555,0.0,0.0,0.0,0.0,0.0,0.0,0.0,0.0,0.0,0.0
13010133,0.0,0.0,0.0,0.0,0.0,0.0,0.0,0.0,0.0,0.0
4131934,0.0,0.0,0.0,0.0,0.0,0.0,0.0,1.0,1.0,0.0
11788164,0.0,0.0,0.0,0.0,0.0,0.0,0.0,1.0,1.0,0.0
10203031,0.0,0.0,0.0,0.0,0.0,0.0,0.0,1.0,1.0,0.0
11751074,0.0,0.0,0.0,0.0,0.0,0.0,0.0,0.0,0.0,0.0
10484411,0.0,0.0,0.0,0.0,0.0,0.0,0.0,0.0,0.0,0.0
12747046,2.0,2.0,0.0,0.0,2.0,2.0,0.0,0.0,0.0,0.0
11357744,0.0,0.0,0.0,0.0,0.0,0.0,0.0,1.0,1.0,0.0
11783070,0.0,0.0,0.0,0.0,0.0,0.0,0.0,0.0,0.0,0.0
9835809,1.0,1.0,0.0,0.0,0.0,0.0,1.0,0.0,0.0,0.0
10230378,0.0,0.0,0.0,0.0,0.0,0.0,0.0,0.0,0.0,0.0
12598692,0.0,0.0,0.0,0.0,0.0,0.0,0.0,0.0,0.0,0.0
11826836,0.0,0.0,0.0,0.0,0.0,0.0,0.0,0.0,0.0,0.0
8998101,0.0,0.0,0.0,0.0,0.0,0.0,0.0,0.0,0.0,0.0
11043979,1.0,1.0,0.0,0.0,0.0,0.0,1.0,1.0,1.0,0.0
5067830,0.0,0.0,0.0,0.0,0.0,0.0,0.0,1.0,0.0,0.0
2831138,0.0,0.0,0.0,0.0,0.0,0.0,0.0,0.0,0.0,0.0
12190780,0.0,0.0,0.0,0.0,0.0,0.0,0.0,1.0,1.0,0.0
10693612,0.0,0.0,0.0,0.0,0.0,0.0,0.0,1.0,1.0,0.0
11595231,0.0,0.0,0.0,0.0,0.0,0.0,0.0,3.0,3.0,0.0
1938595,0.0,0.0,0.0,0.0,0.0,0.0,0.0,0.0,0.0,0.0
6879708,0.0,0.0,0.0,0.0,0.0,0.0,0.0,0.0,0.0,0.0
11274356,0.0,0.0,0.0,0.0,0.0,0.0,0.0,0.0,0.0,0.0
2072273,0.0,0.0,0.0,0.0,0.0,0.0,0.0,0.0,0.0,0.0
3173004,0.0,0.0,0.0,0.0,0.0,0.0,0.0,0.0,0.0,0.0
3238303,0.0,0.0,0.0,0.0,0.0,0.0,0.0,1.0,0.0,0.0
9763108,1.0,1.0,0.0,0.0,1.0,1.0,1.0,0.0,0.0,0.0
4109262,0.0,0.0,0.0,0.0,0.0,0.0,0.0,0.0,0.0,0.0
6773905,1.0,0.0,1.0,1.0,0.0,0.0,0.0,1.0,1.0,0.0
10663016,2.0,2.0,0.0,0.0,2.0,2.0,1.0,0.0,0.0,0.0
11084136,0.0,0.0,0.0,0.0,0.0,0.0,0.0,0.0,0.0,0.0
3891733,0.0,0.0,0.0,0.0,0.0,0.0,0.0,0.0,0.0,0.0
10332930,0.0,0.0,0.0,0.0,0.0,0.0,0.0,0.0,0.0,0.0
7793206,0.0,0.0,0.0,0.0,0.0,0.0,0.0,0.0,0.0,0.0
10902406,0.0,0.0,0.0,0.0,0.0,0.0,0.0,0.0,0.0,0.0
4040930,0.0,0.0,0.0,0.0,0.0,0.0,0.0,2.0,0.0,1.0
3746269,0.0,0.0,0.0,0.0,0.0,0.0,0.0,1.0,0.0,0.0
3569372,2.0,1.0,1.0,1.0,1.0,1.0,0.0,0.0,0.0,0.0
2491178,0.0,0.0,0.0,0.0,0.0,0.0,0.0,1.0,0.0,0.0
4420728,1.0,1.0,0.0,0.0,1.0,1.0,1.0,0.0,0.0,0.0
13263460,1.0,1.0,0.0,0.0,0.0,0.0,0.0,0.0,0.0,0.0
3103748,0.0,0.0,0.0,0.0,0.0,0.0,0.0,1.0,0.0,0.0
4578957,0.0,0.0,0.0,0.0,0.0,0.0,0.0,3.0,1.0,0.0
6239409,0.0,0.0,0.0,0.0,0.0,0.0,0.0,3.0,3.0,0.0
4413414,0.0,0.0,0.0,0.0,0.0,0.0,0.0,1.0,1.0,0.0
4710071,0.0,0.0,0.0,0.0,0.0,0.0,0.0,0.0,0.0,0.0
10295394,0.0,0.0,0.0,0.0,0.0,0.0,0.0,0.0,0.0,0.0
12816455,1.0,1.0,0.0,0.0,0.0,0.0,0.0,2.0,2.0,0.0
11328700,0.0,0.0,0.0,0.0,0.0,0.0,0.0,1.0,1.0,0.0
9874830,0.0,0.0,0.0,0.0,0.0,0.0,0.0,5.0,5.0,0.0
9692151,1.0,1.0,0.0,0.0,0.0,0.0,1.0,1.0,0.0,0.0
11922510,1.0,1.0,0.0,0.0,0.0,0.0,0.0,0.0,0.0,0.0
6116956,0.0,0.0,0.0,0.0,0.0,0.0,0.0,0.0,0.0,0.0
3049313,0.0,0.0,0.0,0.0,0.0,0.0,0.0,4.0,4.0,0.0
11964782,0.0,0.0,0.0,0.0,0.0,0.0,0.0,2.0,2.0,0.0
11505038,0.0,0.0,0.0,0.0,0.0,0.0,0.0,2.0,2.0,2.0
4736860,0.0,0.0,0.0,0.0,0.0,0.0,0.0,0.0,0.0,0.0
3269562,2.0,0.0,2.0,2.0,0.0,0.0,0.0,1.0,0.0,0.0
3322258,0.0,0.0,0.0,0.0,0.0,0.0,0.0,0.0,0.0,0.0
3395471,1.0,1.0,0.0,0.0,1.0,1.0,0.0,0.0,0.0,0.0
11130777,0.0,0.0,0.0,0.0,0.0,0.0,0.0,0.0,0.0,0.0
10417522,2.0,2.0,0.0,0.0,2.0,2.0,0.0,1.0,0.0,0.0
3021332,0.0,0.0,0.0,0.0,0.0,0.0,0.0,1.0,0.0,1.0
1306174,0.0,0.0,0.0,0.0,0.0,0.0,0.0,0.0,0.0,0.0
10645936,0.0,0.0,0.0,0.0,0.0,0.0,0.0,0.0,0.0,0.0
9687447,0.0,0.0,0.0,0.0,0.0,0.0,0.0,0.0,0.0,0.0
2834801,0.0,0.0,0.0,0.0,0.0,0.0,0.0,1.0,0.0,0.0
12250188,0.0,0.0,0.0,0.0,0.0,0.0,0.0,1.0,1.0,0.0
4014583,1.0,1.0,0.0,0.0,0.0,0.0,0.0,0.0,0.0,0.0
10066132,0.0,0.0,0.0,0.0,0.0,0.0,0.0,1.0,0.0,0.0
11663063,0.0,0.0,0.0,0.0,0.0,0.0,0.0,0.0,0.0,0.0
6765722,0.0,0.0,0.0,0.0,0.0,0.0,0.0,2.0,0.0,0.0
11506317,4.0,4.0,0.0,0.0,4.0,4.0,0.0,0.0,0.0,0.0
3468505,0.0,0.0,0.0,0.0,0.0,0.0,0.0,0.0,0.0,0.0
12151315,1.0,1.0,0.0,0.0,0.0,0.0,0.0,0.0,0.0,0.0
3805659,0.0,0.0,0.0,0.0,0.0,0.0,0.0,1.0,0.0,1.0
11259932,0.0,0.0,0.0,0.0,0.0,0.0,0.0,0.0,0.0,0.0
11716262,1.0,0.0,1.0,1.0,0.0,0.0,0.0,3.0,3.0,0.0
3257603,0.0,0.0,0.0,0.0,0.0,0.0,0.0,0.0,0.0,0.0
11972098,1.0,1.0,0.0,0.0,1.0,1.0,0.0,0.0,0.0,0.0
4097232,0.0,0.0,0.0,0.0,0.0,0.0,0.0,1.0,1.0,0.0
4199895,0.0,0.0,0.0,0.0,0.0,0.0,0.0,0.0,0.0,0.0
12758983,0.0,0.0,0.0,0.0,0.0,0.0,0.0,0.0,0.0,0.0
13111611,3.0,3.0,0.0,0.0,3.0,3.0,3.0,0.0,0.0,0.0
11585063,0.0,0.0,0.0,0.0,0.0,0.0,0.0,0.0,0.0,0.0
1812510,2.0,1.0,0.0,0.0,1.0,1.0,1.0,0.0,0.0,0.0
3536681,2.0,1.0,1.0,1.0,1.0,1.0,0.0,0.0,0.0,0.0
11660134,0.0,0.0,0.0,0.0,0.0,0.0,0.0,0.0,0.0,0.0
10820149,2.0,2.0,0.0,0.0,2.0,2.0,2.0,2.0,2.0,0.0
10415770,0.0,0.0,0.0,0.0,0.0,0.0,0.0,0.0,0.0,0.0
11349904,2.0,2.0,0.0,0.0,2.0,2.0,2.0,0.0,0.0,0.0
12346358,0.0,0.0,0.0,0.0,0.0,0.0,0.0,0.0,0.0,0.0
2167076,0.0,0.0,0.0,0.0,0.0,0.0,0.0,0.0,0.0,0.0
10835660,0.0,0.0,0.0,0.0,0.0,0.0,0.0,1.0,0.0,0.0
13474402,0.0,0.0,0.0,0.0,0.0,0.0,0.0,0.0,0.0,0.0
2099331,7.0,7.0,0.0,0.0,7.0,7.0,7.0,1.0,1.0,0.0
2670994,0.0,0.0,0.0,0.0,0.0,0.0,0.0,0.0,0.0,0.0
6844271,2.0,2.0,0.0,0.0,2.0,2.0,0.0,0.0,0.0,0.0
13151254,0.0,0.0,0.0,0.0,0.0,0.0,0.0,0.0,0.0,0.0
7259779,2.0,1.0,1.0,1.0,1.0,1.0,1.0,1.0,0.0,0.0
11158651,0.0,0.0,0.0,0.0,0.0,0.0,0.0,0.0,0.0,0.0
10981934,1.0,1.0,0.0,0.0,0.0,0.0,1.0,0.0,0.0,0.0
12839752,2.0,2.0,0.0,0.0,0.0,0.0,0.0,2.0,2.0,0.0
4658790,0.0,0.0,0.0,0.0,0.0,0.0,0.0,0.0,0.0,0.0
10227949,0.0,0.0,0.0,0.0,0.0,0.0,0.0,0.0,0.0,0.0
10975881,0.0,0.0,0.0,0.0,0.0,0.0,0.0,1.0,0.0,0.0
6748853,0.0,0.0,0.0,0.0,0.0,0.0,0.0,7.0,4.0,2.0
4185202,0.0,0.0,0.0,0.0,0.0,0.0,0.0,0.0,0.0,0.0
4264115,0.0,0.0,0.0,0.0,0.0,0.0,0.0,1.0,1.0,0.0
4494093,0.0,0.0,0.0,0.0,0.0,0.0,0.0,0.0,0.0,0.0
9906393,0.0,0.0,0.0,0.0,0.0,0.0,0.0,1.0,1.0,0.0
3195475,0.0,0.0,0.0,0.0,0.0,0.0,0.0,0.0,0.0,0.0
4454108,0.0,0.0,0.0,0.0,0.0,0.0,0.0,0.0,0.0,0.0
11441296,0.0,0.0,0.0,0.0,0.0,0.0,0.0,1.0,1.0,0.0
11242166,0.0,0.0,0.0,0.0,0.0,0.0,0.0,1.0,0.0,0.0
12763768,0.0,0.0,0.0,0.0,0.0,0.0,0.0,0.0,0.0,0.0
1709483,0.0,0.0,0.0,0.0,0.0,0.0,0.0,0.0,0.0,0.0
3662885,1.0,0.0,1.0,1.0,0.0,0.0,0.0,1.0,1.0,0.0
9870883,3.0,0.0,3.0,3.0,0.0,0.0,0.0,0.0,0.0,0.0
4537655,0.0,0.0,0.0,0.0,0.0,0.0,0.0,0.0,0.0,0.0
12079340,3.0,1.0,2.0,2.0,1.0,1.0,1.0,2.0,2.0,0.0
3760347,1.0,1.0,0.0,0.0,0.0,0.0,0.0,1.0,0.0,0.0
2112007,0.0,0.0,0.0,0.0,0.0,0.0,0.0,0.0,0.0,0.0
4292997,0.0,0.0,0.0,0.0,0.0,0.0,0.0,2.0,0.0,0.0
4061267,0.0,0.0,0.0,0.0,0.0,0.0,0.0,1.0,0.0,0.0
12960097,0.0,0.0,0.0,0.0,0.0,0.0,0.0,1.0,1.0,0.0
11000831,0.0,0.0,0.0,0.0,0.0,0.0,0.0,0.0,0.0,0.0
7426280,0.0,0.0,0.0,0.0,0.0,0.0,0.0,2.0,0.0,0.0
3344550,0.0,0.0,0.0,0.0,0.0,0.0,0.0,0.0,0.0,0.0
10712222,1.0,0.0,1.0,1.0,0.0,0.0,0.0,0.0,0.0,0.0
12890686,4.0,0.0,4.0,4.0,0.0,0.0,0.0,0.0,0.0,0.0
10970680,2.0,2.0,0.0,0.0,2.0,2.0,2.0,2.0,0.0,0.0
4493433,3.0,0.0,3.0,3.0,0.0,0.0,0.0,0.0,0.0,0.0
4506693,2.0,0.0,2.0,2.0,0.0,0.0,0.0,0.0,0.0,0.0
11828123,0.0,0.0,0.0,0.0,0.0,0.0,0.0,0.0,0.0,0.0
13295055,12.0,0.0,12.0,12.0,0.0,0.0,0.0,8.0,8.0,0.0
6694304,0.0,0.0,0.0,0.0,0.0,0.0,0.0,0.0,0.0,0.0
3212093,1.0,1.0,0.0,0.0,1.0,1.0,0.0,1.0,0.0,0.0
7131423,0.0,0.0,0.0,0.0,0.0,0.0,0.0,2.0,0.0,0.0
12649271,1.0,0.0,1.0,1.0,0.0,0.0,0.0,0.0,0.0,0.0
9807409,0.0,0.0,0.0,0.0,0.0,0.0,0.0,2.0,0.0,0.0
10904446,2.0,2.0,0.0,0.0,2.0,2.0,0.0,1.0,0.0,0.0
1943653,0.0,0.0,0.0,0.0,0.0,0.0,0.0,1.0,0.0,0.0
12867123,0.0,0.0,0.0,0.0,0.0,0.0,0.0,0.0,0.0,0.0
11277026,0.0,0.0,0.0,0.0,0.0,0.0,0.0,1.0,1.0,0.0
4150198,1.0,1.0,0.0,0.0,0.0,0.0,0.0,0.0,0.0,0.0
3355801,0.0,0.0,0.0,0.0,0.0,0.0,0.0,1.0,0.0,0.0
5488921,0.0,0.0,0.0,0.0,0.0,0.0,0.0,0.0,0.0,0.0
3553040,0.0,0.0,0.0,0.0,0.0,0.0,0.0,1.0,1.0,0.0
11061991,2.0,2.0,0.0,0.0,2.0,2.0,0.0,0.0,0.0,0.0
11073720,0.0,0.0,0.0,0.0,0.0,0.0,0.0,1.0,1.0,0.0
9886215,0.0,0.0,0.0,0.0,0.0,0.0,0.0,0.0,0.0,0.0
11003632,0.0,0.0,0.0,0.0,0.0,0.0,0.0,0.0,0.0,0.0
10103424,1.0,1.0,0.0,0.0,1.0,1.0,0.0,0.0,0.0,0.0
3284883,1.0,1.0,0.0,0.0,1.0,1.0,0.0,5.0,0.0,0.0
10400195,0.0,0.0,0.0,0.0,0.0,0.0,0.0,0.0,0.0,0.0
10091485,0.0,0.0,0.0,0.0,0.0,0.0,0.0,0.0,0.0,0.0
3761653,0.0,0.0,0.0,0.0,0.0,0.0,0.0,3.0,0.0,0.0
11077969,0.0,0.0,0.0,0.0,0.0,0.0,0.0,0.0,0.0,0.0
10855134,1.0,1.0,0.0,0.0,1.0,1.0,0.0,0.0,0.0,0.0
13267692,0.0,0.0,0.0,0.0,0.0,0.0,0.0,2.0,2.0,0.0
3487716,0.0,0.0,0.0,0.0,0.0,0.0,0.0,0.0,0.0,0.0
12864756,7.0,7.0,0.0,0.0,7.0,7.0,7.0,0.0,0.0,0.0
10051916,0.0,0.0,0.0,0.0,0.0,0.0,0.0,0.0,0.0,0.0
10275185,0.0,0.0,0.0,0.0,0.0,0.0,0.0,0.0,0.0,0.0
12292216,0.0,0.0,0.0,0.0,0.0,0.0,0.0,3.0,3.0,0.0
4021235,0.0,0.0,0.0,0.0,0.0,0.0,0.0,1.0,0.0,0.0
10813996,0.0,0.0,0.0,0.0,0.0,0.0,0.0,1.0,1.0,0.0
9728698,0.0,0.0,0.0,0.0,0.0,0.0,0.0,0.0,0.0,0.0
2969635,0.0,0.0,0.0,0.0,0.0,0.0,0.0,0.0,0.0,0.0
3697012,0.0,0.0,0.0,0.0,0.0,0.0,0.0,1.0,1.0,1.0
4045825,0.0,0.0,0.0,0.0,0.0,0.0,0.0,2.0,1.0,0.0
10493115,0.0,0.0,0.0,0.0,0.0,0.0,0.0,2.0,1.0,0.0
12598959,1.0,1.0,0.0,0.0,1.0,1.0,0.0,0.0,0.0,0.0
11906626,10.0,10.0,0.0,0.0,0.0,0.0,0.0,0.0,0.0,0.0
5814608,0.0,0.0,0.0,0.0,0.0,0.0,0.0,0.0,0.0,0.0
2561677,0.0,0.0,0.0,0.0,0.0,0.0,0.0,0.0,0.0,0.0
4030711,0.0,0.0,0.0,0.0,0.0,0.0,0.0,1.0,0.0,0.0
10132208,1.0,1.0,0.0,0.0,1.0,1.0,1.0,0.0,0.0,0.0
2449468,0.0,0.0,0.0,0.0,0.0,0.0,0.0,2.0,1.0,0.0
10078683,0.0,0.0,0.0,0.0,0.0,0.0,0.0,0.0,0.0,0.0
6095260,0.0,0.0,0.0,0.0,0.0,0.0,0.0,0.0,0.0,0.0
10360968,0.0,0.0,0.0,0.0,0.0,0.0,0.0,1.0,1.0,0.0
13244119,0.0,0.0,0.0,0.0,0.0,0.0,0.0,0.0,0.0,0.0
10847071,1.0,1.0,0.0,0.0,1.0,1.0,1.0,3.0,3.0,0.0
5453211,0.0,0.0,0.0,0.0,0.0,0.0,0.0,0.0,0.0,0.0
2904049,2.0,0.0,2.0,2.0,0.0,0.0,0.0,0.0,0.0,0.0
2697465,0.0,0.0,0.0,0.0,0.0,0.0,0.0,0.0,0.0,0.0
10087896,0.0,0.0,0.0,0.0,0.0,0.0,0.0,0.0,0.0,0.0
12514139,0.0,0.0,0.0,0.0,0.0,0.0,0.0,1.0,1.0,0.0
8976874,0.0,0.0,0.0,0.0,0.0,0.0,0.0,1.0,0.0,0.0
12521386,0.0,0.0,0.0,0.0,0.0,0.0,0.0,1.0,1.0,0.0
12074068,0.0,0.0,0.0,0.0,0.0,0.0,0.0,0.0,0.0,0.0
9838326,1.0,1.0,0.0,0.0,1.0,1.0,0.0,1.0,1.0,0.0
10799405,0.0,0.0,0.0,0.0,0.0,0.0,0.0,0.0,0.0,0.0
12742955,1.0,0.0,1.0,1.0,0.0,0.0,0.0,8.0,0.0,0.0
11828704,0.0,0.0,0.0,0.0,0.0,0.0,0.0,0.0,0.0,0.0
12672377,0.0,0.0,0.0,0.0,0.0,0.0,0.0,2.0,2.0,0.0
11470978,0.0,0.0,0.0,0.0,0.0,0.0,0.0,0.0,0.0,0.0
10041780,0.0,0.0,0.0,0.0,0.0,0.0,0.0,3.0,0.0,0.0
